char 13 a n s d q k o a t m o j c
double 15 4.34 4.06 0.91 0.42 6.18 4.91 1.6 9.1 0.75 0.24 9.82 3.78 6.03 3.53 2.34
int 16 80 15 85 61 16 27 20 61 56 86 9 3 85 95 54 25
bool 16 0 0 1 1 0 0 0 1 0 1 0 1 0 0 0 1
double 16 7.86 6.44 5.77 4.97 7.68 1.73 9.01 9.63 5.75 7.62 3.8 0.09 6.08 2.9 7.77 5.67
bool 17 0 1 0 0 0 0 0 1 0 1 0 1 1 0 1 1 1
char 21 k p j o d o o o o d p r r h c o m t t d r
double 23 8.06 3.49 4.16 7.86 3.19 3.68 1.35 2.18 9.31 4.45 0.29 3.85 8.27 9.44 4.94 4.23 9.08 9.19 0.7 2.48 9.29 4.75 1.68
int 23 77 67 94 73 48 11 32 22 59 79 7 1 64 79 62 70 5 99 85 85 83 73 40
bool 24 0 0 0 0 0 0 1 0 1 0 0 0 1 0 1 0 1 1 0 0 0 1 1 1
bool 25 0 0 1 0 1 1 0 1 0 1 0 0 0 1 1 0 1 0 1 0 0 1 1 0 0
int 26 75 60 29 66 4 92 72 74 80 44 10 16 7 48 68 11 30 58 51 52 88 91 48 42 78 8
double 27 7.27 8.68 5.72 4.32 1.47 8.78 4.08 2.3 3.71 5.82 4.87 9.23 6.41 1.85 4.56 2.93 2.67 4.86 9.03 7.16 4.24 0.95 1.68 3.38 9.72 8.5 7.54
bool 28 1 1 1 1 1 1 1 1 1 1 0 1 0 0 1 0 1 0 0 1 1 1 0 1 0 0 0 1
bool 28 1 0 1 1 0 1 1 0 1 1 1 0 1 0 0 0 0 0 1 1 0 0 0 1 0 1 1 1
double 28 3.27 4.32 7.78 3.31 0.76 7.97 5.49 9.61 4.96 9.97 3.52 4.17 4.46 0.69 3.85 8.48 7.69 8.75 0.15 9.91 8.38 1.9 7.75 7.11 2.72 2.77 7.76 8.82
double 29 0.51 6.78 0.78 7.2 2.86 6.66 3.86 2.8 2.96 8.91 1.1 0.67 3.86 3.14 2.98 9.12 8.39 4.61 7.02 6.24 3.74 6.36 1.65 3.09 7.71 7.66 3.26 3.1 5.82
bool 30 1 0 0 1 0 0 1 1 1 0 1 0 1 0 1 1 0 1 0 1 1 1 0 1 1 1 0 1 0 0
bool 31 0 0 1 1 0 1 1 1 1 1 0 1 0 0 1 1 0 1 1 1 0 1 0 0 1 0 0 1 1 0 1
char 32 n d c b r l m e p l n t r t t j a p p n o f c i b h h d e k s k
int 33 26 24 77 45 99 50 4 43 2 73 1 87 99 18 99 74 32 14 88 90 86 19 63 44 85 60 80 96 86 25 5 71 82
bool 37 1 1 0 1 0 0 1 0 0 1 0 1 1 1 1 1 1 1 0 0 0 0 1 0 1 1 1 1 1 1 0 0 1 0 1 0 0
bool 38 1 0 0 1 1 0 0 1 0 0 1 0 1 0 0 1 1 1 0 0 0 1 1 1 0 0 1 1 1 0 0 1 1 1 0 1 0 0
char 38 k m n m l c n k r f a g d e c h r f h p i t t r c h l l j j t b i f r f n c
char 39 l a i d s j p m e m o k j t s i h t l g p c i e q a a a q g h q a s h q t q t
int 39 63 34 30 70 14 41 17 60 9 49 72 33 61 42 16 32 99 58 38 14 66 27 99 64 16 56 59 29 92 35 22 51 91 96 33 52 52 58 43
double 40 6.5 8.47 4.38 5.81 4.19 3.55 3.88 9.88 9.29 5.38 3.86 6.2 8.16 1.69 6.35 6.51 6.13 5.62 7.31 7.19 5.76 5.69 4.36 7.19 9.18 6.12 5.69 2.47 5.28 3.09 6.88 0.18 8.72 9.09 2.96 5.3 8.14 8.06 7.06 6.72
int 41 29 71 45 58 31 39 23 37 63 95 40 46 90 76 45 82 89 88 86 78 73 20 65 85 33 94 92 35 80 25 42 1 46 66 84 2 91 93 96 3 87
char 41 k f h e n l k l f k b p p d n t n l e s r p h d b l b c o p q j h p g c a f s i e
double 41 3.34 3.63 1.99 1.41 3.84 4.19 9.71 0.77 8.28 0.84 7.75 7.02 0.79 0.4 4.77 2.44 9.58 4.51 2.48 6.77 0.19 3.96 6.43 3.81 5.27 5.83 0.92 9.68 3.51 7.31 5.29 5.92 8.13 1.46 2.33 1.9 4.99 8.99 1.54 8.59 1.51
bool 47 0 1 1 0 0 0 0 0 1 0 0 0 0 0 1 0 1 0 0 1 0 0 1 0 0 0 1 1 0 0 0 0 0 0 1 0 1 1 1 1 0 1 1 1 0 0 1
int 47 91 1 17 89 74 93 38 4 85 32 35 33 35 26 13 67 71 57 74 96 88 45 77 30 24 36 89 57 49 78 4 5 41 69 59 84 72 48 78 77 14 73 30 19 85 71 11
char 49 f a q h s m l d g p b e a r p r l c j t j l i j j j m r d e m k p d r b b m c r n i r c m s j a t
int 50 30 12 39 23 68 14 14 44 94 71 97 55 52 79 77 31 83 51 76 22 84 7 74 92 11 39 24 95 17 82 46 71 61 23 94 87 27 13 88 18 94 88 60 29 76 4 38 61 81 53
double 52 2.5 1.53 6.47 0.5 8.78 2.64 0.24 8.27 5.48 4.21 3.84 7.97 0.57 3.69 9.86 7.43 2.9 7.84 9.2 4.01 5.79 0.07 2.56 8.25 1.72 7.92 9.94 3.67 6.7 0.84 0.02 7.81 8.09 2.02 7.41 6.35 5.23 3.68 1.97 7.51 4.95 9.82 2.6 9.03 4.47 8.72 6.88 0.45 3.38 0.07 0.48 7.49
int 52 4 15 91 13 48 7 78 77 50 31 99 63 95 20 45 62 30 4 49 48 91 60 62 2 36 67 33 12 18 41 53 52 65 65 80 74 36 52 54 77 87 63 66 44 23 12 49 28 81 35 36 44
double 52 7.7 9.82 7.17 3.94 5.6 2.24 8.76 2.7 7.51 7.55 5.53 7.72 9.41 2.24 0.25 8.19 1.52 9.52 3.43 1.62 8.72 9.75 8.83 9.89 4.16 9.76 1.37 4.98 3.51 4.56 4.71 4.14 4 4.08 8.26 3.52 4.19 2.38 3.93 8.85 0.4 6.69 2.09 6.43 0.67 7.09 7.38 7.39 6.54 6.69 3.35 1.61
int 53 31 96 3 29 93 22 19 23 86 41 30 78 49 59 58 89 30 87 45 55 30 45 86 87 95 61 64 65 64 93 28 59 82 63 23 1 96 72 60 52 32 55 98 15 89 53 79 27 40 9 81 47 87
int 54 13 12 21 73 92 11 4 49 36 49 26 87 36 66 74 33 28 35 71 25 11 15 51 7 58 25 58 39 73 16 69 42 12 71 74 56 72 35 75 89 58 62 90 51 25 32 53 98 2 63 79 65 82 62
int 58 26 50 19 11 68 62 67 85 43 85 22 88 66 43 30 27 94 35 53 69 47 44 91 77 11 80 27 89 97 79 89 12 24 65 28 55 49 88 29 94 33 68 25 6 60 9 35 78 94 2 96 74 2 51 29 96 38 74
char 59 a o s m g b q b n c j b e a p l o h f j r p r n o l k t f m i t d b j i b d a g e d p i g r c b r l e k l o l r g n g
bool 59 1 1 1 0 1 1 1 1 0 0 0 0 1 1 1 1 0 1 1 0 1 1 1 1 0 0 1 0 1 1 1 1 0 0 1 1 1 0 1 1 1 1 1 1 0 0 0 0 0 1 0 1 1 1 1 1 1 1 0
double 60 6.96 5.84 4.55 1.79 6.48 9.47 9.49 9.76 8.24 4.39 3.33 7.59 0.78 8.77 7.52 0.08 4.62 3.65 8.08 2.29 2.4 3.23 4.82 9.99 0.74 3.64 4.8 6.44 2.98 9.05 3.4 1.96 2.47 5.25 9.43 2.34 1.69 4.17 0.89 3.53 4.77 0.43 8.72 8.29 4.85 3.36 4.96 4.48 1.95 7.83 6.4 1.15 2.92 6.7 1.11 7.7 3.79 3.19 0.9 4.07
bool 62 0 1 0 1 0 0 1 0 0 1 1 1 0 0 0 0 1 1 0 1 0 1 1 0 1 1 0 1 0 0 1 0 0 0 0 0 1 1 1 0 1 0 0 0 1 1 0 1 1 0 1 0 0 1 1 1 0 0 0 1 0 0
char 62 k c k r a g g o i m k t h s k g e o g f d l e j s e p o t q i j k e f o s j i b c q i g r a i j j t f h b p n n t s f s r e
double 63 9.48 9.54 0.38 8.63 3.41 0.67 3.02 2.4 2.22 7.47 5.05 2.92 7.55 4.35 8.35 0.9 0.35 0.99 0.61 8.83 2.59 3.69 3.95 6.47 9.61 6.3 0.09 4.89 7.37 9.69 1.75 2.69 1.05 8.24 8.18 5.01 0.02 3.2 1.36 8.18 8.82 7.56 9.26 4.83 2.05 6.12 8.06 9.56 9.88 5.5 8.41 5.18 4.03 7.67 8.19 2.59 6.62 1.69 0.1 9 9.28 5.12 4.69
bool 63 0 1 1 1 0 0 1 1 0 0 1 0 1 1 0 1 1 1 1 1 0 0 0 1 1 0 0 1 1 1 1 1 0 1 1 0 1 1 1 0 1 0 0 0 1 0 0 1 0 1 1 0 1 0 0 1 1 1 1 1 1 0 0
int 66 87 59 44 99 1 99 74 96 4 74 82 53 97 92 78 98 12 76 81 7 72 10 89 14 7 5 59 61 94 81 94 44 2 79 90 81 13 18 31 47 43 13 54 24 13 94 17 4 9 55 72 1 5 6 62 67 34 24 97 30 6 29 62 70 93 52
bool 66 1 1 1 0 0 1 1 0 1 0 0 0 1 1 1 1 0 1 0 0 1 0 1 0 1 1 1 0 1 1 1 1 0 1 0 1 1 1 1 1 0 0 0 0 0 1 0 1 0 0 0 1 1 1 1 1 0 0 0 0 1 1 1 0 1 0
bool 68 1 1 0 1 0 0 0 0 1 0 1 0 1 0 0 1 1 1 0 1 1 1 1 1 1 0 0 1 1 0 1 1 0 1 0 1 0 0 0 1 0 0 1 0 1 1 0 1 1 1 1 0 0 0 0 0 0 1 1 0 0 1 1 1 0 0 1 0
bool 68 1 1 0 0 0 1 1 0 1 0 0 1 0 0 1 1 1 1 0 1 0 0 1 0 1 1 1 0 0 0 1 0 1 1 1 1 0 1 1 0 0 1 1 0 1 0 0 0 0 0 0 0 1 0 1 0 1 1 0 0 1 0 1 0 0 1 1 0
int 69 6 44 64 88 80 98 49 54 73 74 97 18 13 60 72 96 33 90 21 92 35 57 88 5 96 3 38 37 10 96 20 18 19 12 23 9 71 55 33 11 18 42 86 32 91 93 39 91 51 51 76 37 19 45 66 80 73 97 23 25 80 78 18 55 55 76 63 82 60
char 71 m k k g e s r e p p s e p k a c a s l i i k b h e d k a j a j i j i n r f c p i i g p e r r p g q b p l g i d d i o h c c j c i q f p l f t l
double 72 5.45 9.39 5.43 0.33 4.19 4.58 0.83 9 9.45 7.84 3.79 9.97 7.15 7.95 3.26 2.26 6.08 0.24 5.96 4.17 5.5 8.96 7.72 8.38 6.59 9.81 4 3.72 2.09 1.31 9.5 3.45 2.32 9.27 2.96 0.56 4.31 1.85 0.43 2.79 1.92 1.81 2.86 6.02 7.27 9.76 7.23 8.27 1.16 1.77 4.82 7.26 4.34 9.87 6.65 7.26 5.79 3.6 3.59 3.97 7.08 7.14 6.69 6.83 7.55 5.76 3.43 0.87 1.21 5.73 0.62 8.88
bool 74 0 1 1 0 0 0 0 0 0 0 0 0 0 0 0 1 1 1 1 0 0 0 1 0 0 0 1 1 1 1 0 0 1 1 0 0 0 0 1 0 0 1 1 1 0 0 0 0 1 1 1 0 0 0 0 0 0 0 1 0 0 1 0 0 0 0 1 1 1 1 1 1 1 1
char 75 p t r n s d a k n a a b b i i n g b k l k q b a l h b o q b e s l k a a f j n n f e q t p k i g t c e r e s n l r h c s s j a e e f s e a n s o o s l
double 75 0.22 6.58 4.45 1.44 1.02 9.94 9.19 3.31 3.33 2.75 5.66 1.43 2.35 1.21 2.56 8.19 0.29 2.64 9.45 1.82 7.71 0.73 0.62 4.59 0.67 4.46 3.8 5.82 1.06 9.17 2.84 8.92 8.5 4.64 8.73 6.72 1.63 4.72 3.88 6.94 7.74 6.59 0.49 4.95 9.37 4.56 4.94 1.75 6.63 0.89 5.52 9.92 5.43 3.73 5.68 9.6 9.26 0.32 5.39 0.83 3.27 9.22 9.92 9.38 7.61 3.41 6.76 2.46 6.5 9.86 4.14 5.71 3.11 6.67 7.43
bool 76 0 1 0 1 0 0 1 0 0 0 1 0 1 1 0 0 1 0 0 1 1 0 0 0 0 0 1 0 1 0 1 1 0 1 0 1 1 0 0 1 1 0 1 0 1 1 1 0 0 0 1 0 1 0 1 1 1 0 0 1 0 0 1 0 1 0 0 1 1 0 0 0 0 1 0 1
double 78 3.13 6.43 3.59 4.04 8.43 2.86 4.86 6.32 9.01 2.35 1.49 2.54 1 0.37 1.27 5.82 5.96 7.43 2.48 8.51 8.85 4.31 0.17 6.92 1.48 6.45 3.21 3.77 3.15 9.25 2.35 7.22 0.89 5.83 7.15 2.88 1.71 1.13 9.55 8.63 1.28 2.09 1.7 9.67 9.93 1.02 9.23 2.66 1.77 0.77 1.62 1.06 7.79 0.05 1.05 1.82 7.78 8.17 0.34 0.31 4.88 4.69 6.65 3.17 5.91 5.69 0.99 3.01 7.76 7.14 8.21 6.09 3.16 6.25 4.4 2.17 2.74 1.94
bool 79 0 0 0 1 1 1 1 0 0 1 1 0 1 1 0 1 1 0 1 1 0 1 0 0 1 1 1 0 1 1 1 0 0 1 1 1 0 1 0 1 0 1 1 0 0 1 1 0 0 0 0 1 1 0 0 1 0 1 0 0 0 0 0 1 0 0 1 0 0 0 0 0 0 1 0 0 1 1 0
char 80 o t s d o e l o h r t h l g p p e r t i e c l g r f h h e c m f d a d b j h d p a j b f k d g k b g a n p d o q i q r r k c g g b m f q a g d n b b f k g k j p
double 81 7.56 5.52 8.26 4.38 4.3 3.04 7.24 8.97 9.78 7.54 7.06 4.18 5.33 3.54 6.93 0.95 2.52 5.73 5.92 2.81 8.38 3.61 4.3 2.21 3.91 6.56 8.18 8.15 7.38 1.82 1.3 3.5 1.47 1.67 6.07 9.98 0.51 8.56 6.5 1.99 6.61 2.12 0.51 3.73 8.61 1 9.46 8.95 0.27 2.08 8.27 1.15 8.22 2.01 1.46 1.65 3.34 0.31 7.16 4.54 3.57 3.41 7.92 8.64 0.08 5.26 7.22 0.25 5.01 5.23 2.04 4.1 3.45 8.09 4.01 7.84 8.59 7.52 5.42 7.52 3.72
char 82 i k m j o p r q q n n b m j a b e m a d k c m a f f s l c p n m g l q q q r a i p r s e s r g p d d l t b h n j r t a t j g l t c m f h i s s s b m r i n t n b f k
bool 83 1 1 0 0 0 0 1 0 1 1 1 1 1 0 0 0 0 0 1 1 1 0 0 0 0 0 0 1 0 0 1 0 0 1 1 0 1 0 1 0 0 0 1 0 1 0 0 1 1 0 1 1 0 0 1 1 0 0 0 1 1 1 1 1 1 1 1 1 1 0 1 0 0 0 0 0 0 1 0 0 0 0 0
bool 83 0 1 1 1 0 0 0 0 0 0 1 0 0 1 0 0 0 0 1 0 1 1 0 0 0 1 0 1 0 1 1 1 0 0 0 0 0 1 1 0 1 1 1 1 1 1 0 1 0 1 1 1 1 1 0 0 1 1 1 1 0 0 1 1 0 0 1 1 0 1 1 0 0 1 1 0 0 1 0 1 0 1 1
int 84 29 47 16 14 50 71 93 47 57 56 73 8 11 58 3 64 73 1 72 49 76 63 39 26 95 78 42 46 91 84 12 79 47 93 85 17 94 15 80 87 51 73 60 54 85 75 31 89 34 12 19 47 27 92 50 11 43 10 10 29 85 68 79 7 1 75 68 36 19 17 5 39 64 18 88 72 4 39 50 6 26 86 94 37
double 84 7.57 0.7 2.19 4.27 0.67 7.99 6.61 7.44 5.57 9.81 9.82 5.95 0.38 4.07 1 7.6 2.5 0.78 3.53 8.49 3.34 2.7 2.86 3.47 8.12 6.86 1.07 4 2.67 7.08 6.51 5.85 2.38 2.93 8.11 2.15 3.24 0.55 6.49 3.12 1.02 0.54 1.01 1.49 4.56 7.68 9.11 2.04 8.23 2.08 1.31 2.18 2.43 3.29 3.92 1.24 1.91 3.65 8.09 8.23 7.68 7.32 7.59 9.1 6.32 5.04 3.01 8.85 8.35 7.23 7.15 9.07 2.61 2.93 4.35 4.37 9.18 7.41 7.96 4.39 4.42 5.09 1.63 6.53
int 85 79 17 33 34 80 10 52 29 93 68 89 19 48 44 38 6 98 22 8 52 69 47 90 36 54 13 85 76 71 41 53 28 59 65 2 67 76 36 16 31 63 57 89 15 49 62 62 29 2 87 97 69 16 55 25 24 1 61 90 24 15 54 91 38 66 41 95 81 21 34 18 4 65 7 52 98 45 29 44 98 44 72 78 72 28
char 86 r j m a h f n i i p q f a m b i j o k l h h i q k p k n b i h r d m l d o b f o k r n h d k j d j b t n q c a d i m g h k q h d i g o f q t r q r h i e r p f h c k j h g s
int 87 42 89 59 4 55 89 26 76 87 61 90 20 31 38 38 60 77 64 91 45 63 63 28 88 30 2 54 45 59 8 98 91 21 83 2 36 52 71 61 9 82 72 12 55 99 87 78 54 19 17 32 93 67 9 95 63 32 8 46 22 99 55 21 57 85 29 30 45 86 59 98 9 1 71 25 99 20 49 32 99 80 77 94 70 25 20 49
char 87 s f b l t n s h f l m b m i s e p a s b c p m o k j a t o k k b d f c p r e n h s j j k o e k o c b o k e i d r k c s r a n n l k e f o j q k n k g c t l p k b r t n f b a l
double 87 1.55 2.28 9.3 2.23 2.14 7.68 4.32 7.85 7.25 2.2 1.01 6.74 5 6.97 9.7 1.27 4.43 9 0.17 2.98 2.82 6.13 7.9 9.43 2.73 4.3 2.86 1.99 4.89 7.15 4.67 2.54 9.69 0.44 4.38 7.82 6.62 5.66 0.49 2.85 4.99 8.62 6.82 3.59 9.01 5.21 6.27 0.67 1.32 8.2 8.18 9.8 6.13 8.93 4.98 9.64 5.66 7.26 3.17 1.57 0.26 7.47 6.77 4.24 6.02 7.6 7.91 5.64 4.78 8.66 8.22 2.18 9.98 2.73 6.43 5.6 9.51 0.31 6.92 8.28 7.38 9.29 5.11 1.02 3.25 2.33 8.33
double 87 8.64 9.66 0.2 2.27 8.58 9.29 7.34 6.55 9.14 9.04 3.21 2.45 2.27 8.27 9.06 7.6 4.07 4.86 2.12 0.45 3.05 6.68 4.25 5.81 6.1 0.61 7.55 7.68 4.43 6.36 0.18 1.26 6.05 5.96 4.26 7.08 0.35 3.44 9.25 9.77 8.36 9.51 0.93 1.77 3.84 0.23 2.5 6.69 7.92 9.44 5.86 1.63 3.99 3.9 0.98 0.53 3.55 1.96 4.93 7.36 2.78 1.04 4.38 2.8 6.88 1.34 0.15 0.8 1.14 6.06 6.51 9.01 6.78 5.93 5.09 7.49 8.38 8.7 8.94 3.83 7.98 0.42 4.56 3.41 0.47 9.94 7.85
double 88 1.28 3.01 3.32 5.44 2.36 8.67 8.04 9.8 6.14 6.78 3.34 6.5 4.43 9.63 4.71 5.37 8.01 8.15 7.37 4.25 3.44 6.16 7.79 3.3 8.52 3.88 6.84 4.37 3.4 3.18 5.9 4.69 3.8 9.77 0.17 7.91 0.46 7.19 5.07 3.61 4.65 9.36 3.8 4.72 4.83 7.45 9.41 4.64 8.23 4.38 5.41 4.98 2.06 6.78 7.64 9.98 6.13 0.02 2.69 3.92 5.73 8.36 8.93 5.44 9.18 7.18 8.48 0.8 7.38 9.25 5.87 8.86 4.32 0.87 1.33 3.9 6.57 6.05 3.77 4.3 4.34 7.92 3.17 9.3 0.95 3.1 9.5 5.29
int 89 6 31 37 90 99 72 15 34 24 74 93 68 78 37 55 20 8 72 93 11 37 8 30 4 77 18 59 68 51 52 17 75 68 33 56 47 18 68 69 71 8 7 24 3 31 64 6 84 12 22 8 46 61 81 76 10 46 22 54 1 50 39 65 1 2 57 39 96 36 50 10 34 46 11 47 38 40 7 50 68 88 97 74 11 27 3 59 11 31
double 89 5.47 5.29 6.46 5.54 2.71 0.92 2.72 3.69 4.66 7.86 5.87 1.43 0.84 0.82 1.18 6.39 5.35 5.74 1.54 5.75 2.97 2.92 1.8 6.66 0.3 8.36 1.95 3.29 5.33 1.56 2.45 5.76 5.3 8.25 4.55 8.12 7.71 5.02 3.33 5.77 0.31 2.84 5 4.66 0.6 4.66 6.14 1.75 1.36 7.18 5.14 6.13 7.76 5.9 6.8 0.05 4.36 2.4 2.05 2.75 6.45 5.05 4.14 6.97 8.07 9.24 9.81 8.79 1.43 9.01 9.73 4.34 6.88 0.83 5.24 4.25 2.47 4.87 1.89 6.73 6.28 0.6 1.63 5.74 3.61 0.66 1.22 4.46 8.18
char 89 o q b f s p o i m g h k j m b c g j k r g d s q c g q f p s m a n c p b c j g c b p o r o f k p f q e f s b t o p b h p k m n g p p o t t o f h h k o e r j h t f b f p i b s h t
double 90 2.62 2.97 2.53 4.15 3.04 9.98 3.43 7.52 9.91 6.88 1.92 5.23 4.09 5.77 6.68 7.41 9.92 0.02 9.16 2.72 8.76 8.17 2.2 5.84 8.47 2.28 5.18 3.46 1.73 4.39 6.5 2.86 6.12 6.02 1.77 0.3 1.01 4.26 4.99 1.72 7.77 5.54 8.7 0.74 8.4 8.77 1.5 9.49 4.13 3.82 4.98 9.13 8.25 6.06 9.6 7.22 4.59 7.44 2.8 2.93 6.16 4.94 2.79 9.67 5.17 6.46 7.58 9.15 6.86 6.93 7.87 8.07 9.45 0.03 3.62 3.32 3.43 3.73 2.58 5.15 8.61 6.67 3.81 3.37 1.51 8.77 8.6 4.36 1.29 2.09
int 90 48 88 10 5 72 64 97 74 85 89 57 37 24 38 25 55 13 1 59 11 99 86 66 58 37 67 89 75 35 27 1 92 12 53 74 74 21 36 45 12 85 61 27 26 11 67 50 65 27 15 62 83 60 22 48 75 21 88 56 8 90 51 28 83 6 14 23 52 39 43 73 23 61 84 58 93 1 77 75 76 29 11 84 57 95 24 51 79 19 82
char 90 f a m j t t b a i k i b f c p b t c t b e o c q m t h s n o c d i r q q i k d f p l l o g k b c m t s r m d b c q m r c r r r p l k q j o n n g t f k e o e q b j f c d r p o k a o
char 90 s m d b j a c r e a d t b d b f g m f k g t c l i m c m t e g k g j h f t f p c p m m h i m f l q l d n o a j m j n b t g k a f f d e c i f g i g d m i p f l e b m m b j m e k s d
int 92 3 58 26 91 67 27 49 62 35 44 66 69 88 81 52 20 35 4 56 82 3 77 36 44 53 55 46 10 2 92 45 42 31 26 60 83 64 7 72 64 25 90 30 45 93 99 18 99 33 26 79 45 7 89 15 20 25 48 64 19 38 11 30 35 26 81 76 6 32 25 43 80 47 5 65 26 38 7 24 74 97 71 47 4 3 29 26 8 1 57 91 94
int 93 98 93 62 37 22 80 16 31 59 62 95 52 10 22 96 36 45 28 93 15 92 84 33 53 79 55 58 69 94 89 46 87 36 61 5 8 45 76 91 91 44 73 49 10 87 53 68 1 63 11 60 9 65 62 94 48 52 49 97 79 50 65 28 87 2 33 73 55 5 88 73 94 53 97 99 92 98 44 10 76 15 11 7 19 81 28 26 22 72 6 53 89 5
double 94 1.83 0.54 9.56 1.74 5.81 3.26 1.49 7.26 2.9 6.16 6.05 0.16 3.51 4.29 2.05 8.48 5.26 4.75 8.11 4.07 5.18 8.49 8.48 5.81 2.94 9.21 1.46 8.06 1.95 0.93 2.05 8.74 2.64 0.5 1.48 7.34 6.24 9.7 6.34 9.16 0.75 4.11 2.64 2.82 7.09 2.87 9.88 1.75 3.1 3.99 1.23 1.08 2.94 6.53 3.44 9.9 4.12 7.81 1.43 8.3 9.34 1.59 2.8 7.15 1.72 3 2.74 6.34 1.78 3.93 5.16 4.75 9.71 8.34 2.94 3.02 6.03 5.18 6.41 1.84 6.67 0.77 1.57 4.58 4.22 5.6 2.18 4.69 3.56 7.99 8.1 6.42 6.22 5.36
bool 95 1 1 1 0 1 0 1 0 0 1 0 0 1 0 0 1 0 1 1 1 1 0 0 1 1 0 1 1 1 1 0 1 0 0 0 0 0 0 1 1 0 1 1 0 1 0 1 0 1 0 0 0 1 1 0 0 1 0 1 0 1 0 1 0 0 1 1 0 1 1 0 1 0 1 1 1 0 0 1 0 1 1 0 0 0 1 1 1 0 1 0 1 0 1 0
bool 95 1 0 1 1 0 1 0 1 0 1 1 0 1 0 0 1 1 0 1 0 0 0 0 0 1 1 0 1 1 1 1 1 1 1 0 1 0 1 0 0 1 1 0 0 0 0 1 1 1 1 1 1 1 1 0 0 1 0 1 1 0 0 1 1 0 0 1 0 0 1 0 1 1 0 0 0 1 0 0 0 0 0 0 0 1 0 1 1 1 1 0 1 1 0 0
double 95 3.35 4.64 9.33 0.12 2.96 0.28 6.24 1.92 4.29 0.03 5.26 4.83 4.12 9.36 0.38 1.18 9.42 1.15 7.24 6.25 4.65 3.65 0.9 3.82 7.84 7.07 6.78 9.39 0.02 7.92 7 3.95 1.84 1.9 5.17 7.35 6.96 6.46 3.17 8.44 0.51 4.23 3.39 7.41 0.7 8.56 5.81 2.05 1.95 4.86 5.97 6.38 9.71 8.25 1.25 7.34 6.72 9.57 4.96 2.18 4.94 6.86 7.63 5.95 6.52 6.35 4.77 8.84 1.46 0.75 9.32 8.82 2.93 8.9 1.3 5.79 2.28 4.44 9.41 1.49 7.59 1.33 1.53 2.92 5.38 6.62 5.36 9.34 9.46 8.75 7.22 8.18 4.14 8.11 2.92
char 98 c q c m d j g r l s k i d o a s l p j j l g n t b l l s o p i s l o n n r q b i s l k k d k m t o t f g r g n e a d d f b g q b l g g c b q q h o f g h d h s h e d j i n d j h m q o n i g g s o n
char 98 d c p n o p q a h e n t j f e e g h j q r c l p q o j d n q j o a f p s k b t e p m j t q c f r e b i g e o i r g m e i s e r b n n c p h p j r q h e p n l d a l c d e e m m j t d p l i r d s b t
int 100 54 87 91 34 32 64 15 43 94 91 85 72 38 86 89 45 90 94 3 92 32 53 95 72 90 14 91 20 97 27 58 41 66 59 15 76 82 26 93 34 80 70 38 4 60 50 32 15 45 95 22 36 67 78 72 96 98 40 92 83 77 59 8 26 16 51 71 10 58 27 97 4 52 60 11 4 24 88 34 49 83 38 97 21 7 8 17 20 55 16 88 57 71 7 37 43 97 5 62 26
bool 101 1 0 0 1 0 0 0 1 1 1 1 0 1 1 0 1 0 1 0 1 1 1 0 0 0 0 0 1 1 0 0 1 0 0 0 0 0 0 1 1 0 1 0 1 1 1 1 0 1 1 0 1 0 0 0 0 1 0 1 1 1 0 0 0 0 0 0 1 0 0 1 0 1 0 0 1 1 1 1 1 0 0 1 1 0 1 0 1 0 0 0 0 0 1 1 0 1 1 1 0 1
char 102 a o i n d h o a q t d l c d l f a m s o f b t t b j e o d p k s d c n j j l c h h g l o a p s h c g k c r c d m m s t q s c c k o s f r q k i o h n c r c f d l p f g l p b q o q s g a c h g r n c j a h f
int 102 57 69 83 26 69 9 99 1 12 48 74 62 82 88 49 19 91 51 83 7 55 47 32 95 58 63 16 32 34 9 40 2 78 60 68 73 47 3 32 51 60 95 80 49 11 25 64 28 81 24 41 12 57 52 62 87 50 1 50 93 63 2 7 42 13 30 10 76 49 76 83 2 10 24 62 89 47 48 94 59 43 89 79 64 24 62 63 16 17 10 71 36 92 71 58 88 23 84 72 38 58 88
double 102 6.32 5.6 2.56 6.82 8.01 9.57 0.05 8.32 3.2 5.12 6.28 1.76 2.64 3.09 5.08 4.2 7.68 0.79 4.62 2.38 4.47 2.94 3.42 3.06 1.33 4.64 7.1 6.44 1.33 5.15 9.3 4.73 1.85 1.05 0.72 0.92 4 8.1 4.01 3.5 8.43 5.35 9.14 3.05 0.03 4.59 2.1 5.79 2.1 0.38 1.67 9.98 3.11 2.47 3.67 2.84 5.09 9.73 5.5 3.18 9 7.44 4.39 6.84 7.75 5.43 0.76 9.2 4.39 4.5 8.68 6.29 1.43 9.73 8.7 6.32 4.03 1.35 3.44 1.83 8.72 6.56 9.28 6.55 9.38 3.82 6.46 9.4 4.19 7.4 2.18 0.34 9.12 9.93 4.48 4.63 1.25 6.88 6.1 0.17 3.5 9.21
int 106 82 17 61 54 42 65 49 37 66 37 97 44 84 81 49 97 45 55 75 78 58 1 3 91 65 37 90 42 43 43 21 78 45 35 21 49 50 66 11 32 82 56 80 33 78 39 31 45 71 98 32 84 52 72 12 19 98 96 71 69 39 53 91 45 81 79 55 31 7 34 81 51 79 70 85 41 18 94 53 88 27 6 72 71 11 23 83 87 40 57 33 54 2 54 56 73 6 33 64 13 41 56 99 69 61 14
int 109 50 48 50 11 46 85 3 18 62 91 99 61 38 82 2 96 64 81 53 8 3 78 31 87 55 91 19 59 52 73 1 57 53 15 43 72 31 97 25 64 36 36 65 42 70 49 54 40 42 20 89 52 39 25 20 50 79 95 2 58 81 1 47 8 83 19 69 84 95 52 37 25 94 17 82 89 70 70 22 86 82 42 74 38 69 32 29 96 80 8 64 78 77 56 5 72 45 27 55 42 27 26 78 76 89 47 68 50 85
bool 109 1 1 1 0 0 1 0 1 0 0 0 0 0 1 1 1 0 0 0 0 1 1 1 1 0 1 0 0 0 0 1 0 1 1 1 0 1 0 0 0 0 1 1 0 1 1 1 0 0 0 0 0 0 0 0 0 1 0 0 0 0 0 1 1 1 1 1 0 0 1 0 0 0 0 1 1 1 0 0 0 0 1 0 1 0 0 0 1 1 0 1 0 0 1 1 0 1 1 1 1 1 0 0 0 1 0 1 1 1
int 109 1 24 25 91 40 4 44 67 97 37 62 81 58 44 84 89 46 67 21 5 85 69 76 96 50 10 56 81 93 18 27 92 41 61 11 22 41 2 31 84 18 10 56 80 49 53 35 33 61 96 58 21 32 60 99 40 85 23 3 38 65 16 56 20 29 70 11 5 63 97 29 64 2 77 88 71 41 62 77 70 94 7 29 32 63 60 26 50 92 10 41 80 39 17 4 76 23 3 44 7 62 23 64 54 90 22 99 63 77
char 109 o e n q c i i g o o d i e p n a o l b j g s n g m d s f o f p a d s m c g i g j a d r l o t c n j q n r c d n n n q e p l r m a p i n c s i c a s d l s n m t j d g l b o p d q j c m h c g p m d o i b i s c i k a t t s
double 109 8.67 4.46 1.22 6.59 1.09 4.97 6.4 4.17 2 6.78 3.51 9.46 9.91 6.3 1.95 5.11 1.56 5.31 3.35 9.6 9.95 4.39 3.22 4.63 4.32 4.1 5.4 2.42 5.67 1.92 8.34 5.87 1.13 8.74 2.07 8.73 5.63 9.4 6.41 5.68 8.86 1.73 7.89 2.42 0.1 5.92 2.67 9.35 0.81 0.4 0.19 5.26 1.05 2.58 4.09 9.23 6.45 6.29 6.82 4.9 2.58 6.12 1.47 1.06 2.11 3.94 2.53 1.12 7.01 7.15 7.44 8.16 8.05 3.24 4.05 2.49 1.51 5.66 0.39 8.02 5.12 3.59 2.11 3.81 2.11 5.25 1.11 8.88 1.48 1.51 6.74 4.36 3.85 9.68 3.41 6.07 7.96 3.22 4.71 4.72 9.25 3.57 5.35 4.21 1.93 5.07 9.61 3.23 1.44
