double 11 5.87 1.7 8.2 2.49 2.51 8.66 5.56 6.47 0.53 2.48 4.97
char 11 t p g m s p t o d j a
double 12 9.19 1.91 4.11 3.02 5.68 2.59 1.24 5.28 2.32 5.01 7.66 8.02
double 13 1.43 9.73 5.43 8.16 0.34 4.06 0.59 7.45 4.49 9.22 3.76 0.35 9.95
int 14 28 21 34 92 32 63 76 40 24 10 17 19 22 8
int 14 79 89 91 58 57 36 55 54 53 67 97 67 65 91
int 15 81 35 22 2 72 38 53 76 26 80 94 89 18 84 14
bool 20 0 0 1 1 1 0 1 1 0 0 0 1 1 0 1 0 0 1 0 1
double 21 9.81 3.95 0.01 4.85 2.45 3.27 3.48 3.4 8.41 5.52 0.33 3.76 2.71 3.97 4.54 3.82 3.37 1.72 7.84 9.66 3.91
char 21 m l m n r r g f b t j h t k q f b h t r n
int 21 46 42 90 21 35 16 61 71 67 8 31 70 71 19 63 81 29 20 68 43 5
bool 24 0 1 0 0 1 0 1 1 0 0 1 1 0 0 0 1 1 1 1 0 1 1 0 1
int 25 81 53 82 69 46 48 29 52 56 29 36 93 76 35 78 82 24 36 60 96 19 45 28 36 45
bool 26 0 1 1 1 0 0 0 1 0 0 1 0 1 1 1 0 1 0 0 1 0 0 1 1 1 0
char 26 m t t j l o e e l e l h b t r p g l l s c n s d d a
double 27 0.51 7.81 9.55 9.32 7.31 9.46 0.91 0.75 8.91 1.86 3.87 5.46 8.27 6.91 2.38 0.05 6.21 4.51 4.99 8.41 3.12 0.98 0.95 2.44 3.46 6.27 0.32
bool 27 1 1 1 1 1 0 0 0 1 0 1 0 0 0 1 0 0 1 0 1 1 0 1 1 0 1 1
bool 29 0 1 1 1 1 1 1 0 1 1 1 1 1 0 0 0 1 1 1 0 0 0 1 0 1 1 0 0 0
double 29 9.56 0.72 0.36 5.78 3.73 5.25 9.92 1.65 5.89 0.4 6.67 8.22 3.33 0.98 6.44 2.2 3.24 3.22 4.58 4.46 7.33 6.1 1.35 0.08 4.73 4.59 3.71 5.11 3.81
char 29 k q n c b s d b c t i l q c h d i a l a j c e l f l j j n
bool 30 1 0 0 0 1 0 1 0 0 0 0 1 0 1 1 1 0 0 1 0 0 1 1 1 1 1 0 0 0 1
char 31 b e a q k c e b t m b k d j o t i f f c l s h c p b c q n k a
bool 34 0 1 1 0 1 1 0 1 0 1 1 1 1 1 1 0 0 1 0 1 1 1 1 0 1 1 0 0 0 1 1 1 1 0
bool 35 0 0 1 1 1 0 1 0 0 0 0 1 1 0 0 0 1 0 0 0 1 1 0 1 0 1 1 1 1 0 1 1 1 1 0
double 36 4.59 4.73 5.56 4.49 2 2.27 8.94 2.26 7.57 7.64 9.97 5.97 4.66 2.31 6.99 1.17 6.65 3.8 4.95 1.15 4.38 9.15 5.12 9.4 8.78 1.61 9.49 3.8 8.42 1.39 5.49 4.66 3.01 8.8 6.29 8.07
int 37 43 98 70 73 14 8 1 99 94 56 35 74 71 21 93 17 85 42 66 4 67 7 5 35 17 71 71 21 22 6 39 31 35 97 8 6 92
char 38 p a l j n r q o a i j m k p d d t q o b r c s f s k f j t q s r p j h l r q
char 38 k m n m l c n k r f a g d e c h r f h p i t t r c h l l j j t b i f r f n c
char 39 i r l i n j i o k q i b k e s d b k s e n a e a l a b d m b i k f o m b i k t
bool 40 1 1 1 1 1 1 0 1 0 1 1 0 0 0 1 0 0 0 1 1 1 0 0 1 1 0 1 0 0 1 1 1 1 0 1 0 0 0 1 0
char 45 b p r b r i j n r i b m n g a o a k s p i p b l s p a o s k b q m p i k p i d h b i i b j
double 45 9.5 2.57 9.09 9.89 4.73 8.31 6.99 9.63 6.44 2.88 1.7 7.93 5.54 5.44 7.84 9.03 9.58 6.94 4.9 6.5 2.94 7.88 1.77 4.76 6.03 3.41 2.2 2.03 3.7 8.5 3.97 2.69 3.62 8.55 8.43 2.98 2.01 8.18 8.13 6.12 9.19 0.75 8.38 9.73 9.29
int 46 85 29 77 56 48 34 44 38 22 63 14 33 40 87 83 18 17 69 35 13 81 18 52 34 33 32 73 34 56 96 75 18 20 86 93 74 58 30 67 16 94 29 99 56 82 52
bool 47 0 1 1 0 0 0 0 0 1 0 0 0 0 0 1 0 1 0 0 1 0 0 1 0 0 0 1 1 0 0 0 0 0 0 1 0 1 1 1 1 0 1 1 1 0 0 1
bool 48 1 0 0 0 0 1 0 1 0 0 0 0 0 0 1 1 0 1 0 0 1 1 1 1 1 0 0 1 0 1 1 1 1 1 1 1 1 1 1 1 1 1 0 0 0 1 0 0
char 49 a q n d o n r p k c g s m l g g m a i r n s c a m s k b g d t i d b j i j s j d o a c h g h i p j
int 49 57 34 12 25 8 2 48 41 95 51 18 91 80 70 36 89 69 88 60 61 47 50 95 56 41 93 21 69 89 97 4 80 54 71 87 53 5 80 85 43 96 47 7 71 26 3 91 59 31
int 49 96 43 74 15 19 45 55 19 73 48 75 69 72 47 39 84 4 46 92 51 23 74 16 20 5 29 39 95 5 24 84 1 65 7 84 92 25 70 27 77 52 32 34 27 40 47 36 53 23
bool 49 0 0 0 0 0 0 1 1 1 1 1 0 0 1 0 0 0 0 0 1 0 0 1 1 0 0 1 0 1 1 0 0 1 1 1 0 1 0 0 0 0 1 0 1 0 1 1 0 1
bool 49 1 1 0 0 0 0 1 0 0 1 0 1 0 1 0 1 0 0 0 0 0 1 1 0 1 0 0 1 0 0 1 1 1 0 1 0 0 0 0 0 0 0 0 1 0 0 0 0 0
char 50 q k g k e p m d t l c c m t i i s q b h g e h a l p j a l b h a p g o i h h n q m p h b t r g e b d
bool 51 0 0 0 1 1 0 0 0 0 1 1 0 1 0 0 0 0 0 1 1 1 0 1 0 0 1 1 1 0 0 0 1 1 1 1 1 1 1 1 1 0 1 1 1 0 0 0 0 1 0 1
double 51 3.88 1.93 0.75 4.89 8.03 9.74 1.26 9.05 4.27 2.97 0.32 7.16 1.57 0.27 5.95 4.43 6.03 3.54 4.66 7.68 4.51 7.24 6.95 0.21 1.86 5.35 3.48 9.72 8.92 5.87 0.39 3.2 9.22 5.11 4.13 9.03 0.54 1.72 3.31 1.63 8.7 8.26 1.03 3.31 4.43 2.25 3.77 0.37 5.23 9.25 8.45
double 53 3.81 8.76 4.32 4.94 3.57 7.43 2.54 8.45 5.42 1.55 8.84 7.35 0.26 6.73 8.84 5.25 0.55 8.35 3.22 9.63 0.14 4.15 1.29 8.37 4.22 0.43 0.39 1.94 6.04 9.61 1.34 1.67 8.31 8.9 5.02 6.74 7.61 6.14 7.96 8.66 8.95 0.63 1.36 4.53 5.66 5.38 0.68 2.24 2.6 3.54 2.69 9.57 4.26
double 54 3.64 3.55 9.06 7.82 2 0.22 0.17 6.27 4 5.14 3.26 6.01 6.79 8.33 4.74 8.27 5.3 5.33 6.22 2.24 9.57 2.58 9.82 4.48 0.37 1.53 0.02 8.59 0.32 5.33 6.93 7.15 3.55 4.43 1 7.87 9.59 0.84 8.64 9.76 8.07 9.92 5.67 8.45 9.46 2.97 4.52 3.95 4.21 9.16 2.13 6.12 9.15 1.09
char 56 h k q n s i e t l k b g s h a j e q a d j b s k n a s l t b b c d c f r n q p s e j b h p q m a r a s l i d k n
char 58 h k d r f n d g j h o p o q d c f i d r t g f g l i e s c h h l g b k a g g r f p e o l k f d j q j c a f o k e h g
double 59 9.24 2.3 6.62 3.96 3.9 9.79 8.25 2.12 9.36 2.71 8.46 5.21 0.64 7.57 3.19 3.5 8.62 5.04 5.36 2.21 5.98 2.29 3.81 5.29 7.88 3.5 2.62 3.94 4.82 8.13 1.63 3.6 8.58 4.03 8.47 6.89 3.56 4.59 2.4 5.9 2.48 8.58 9.59 6.74 7.83 7.67 3.34 1.25 5.25 0.41 4.56 2.81 1.89 2.16 2.84 6.49 5.32 9.98 5.68
bool 60 1 1 0 1 1 0 0 1 0 1 1 1 1 1 0 1 0 0 0 1 1 1 0 0 1 0 0 0 1 1 1 1 0 0 1 0 1 1 1 1 1 1 1 1 0 1 0 0 1 0 1 0 0 0 1 1 1 1 1 1
double 60 0.43 2.67 3.46 4.57 9.8 7.23 6.59 2.96 8.76 2.29 4.44 6.14 1.67 6.18 9.92 9.82 0.35 0.84 0.52 1.11 6.58 1.43 7.07 8.64 3.44 1.67 5.77 1.99 3.2 9.81 8.95 7.77 9.64 0.03 5.63 8.83 6.91 1.77 1.26 6.7 0.87 2.21 5.76 3.73 8.3 7.07 7.88 5.21 6.21 2.99 5.81 2.19 3.69 7.32 6.8 9.68 3.93 5.27 2.75 9.35
int 61 18 9 54 71 54 25 13 73 92 72 12 75 88 23 52 28 76 28 23 70 61 97 68 45 29 51 26 38 71 16 21 62 20 35 7 14 12 61 78 64 32 64 55 33 16 34 5 89 70 98 33 87 25 30 9 16 82 56 98 36 42
int 64 41 3 5 74 12 74 8 64 83 18 27 2 64 62 27 98 72 22 94 80 88 97 94 17 14 95 4 16 49 93 9 78 21 59 91 32 52 63 71 77 56 13 49 94 57 44 21 97 91 54 51 68 70 23 47 23 68 20 52 42 36 52 9 99
bool 64 0 0 0 0 0 1 0 1 1 1 1 1 1 1 0 1 1 1 0 0 1 1 0 1 0 1 1 0 1 1 1 1 1 0 0 0 0 0 1 0 1 0 1 1 1 0 0 0 1 0 0 0 0 0 1 1 0 0 0 0 0 1 0 0
double 65 7.74 7.85 9.55 8.4 5.19 2.53 4.78 7.51 2.92 9.88 0.44 1.29 9.06 1.71 0.95 3.23 8.78 1.67 0.23 6.67 0.01 9.95 3.44 4.19 2.35 4.27 5.47 9.92 7.01 2.33 9.93 3.64 4.89 0.03 7.82 4.89 3.85 9.79 8.64 7.18 5.29 5.55 5.62 2.69 8.25 5.57 4.35 6.8 6.65 0.86 4.08 6.56 6.42 9.31 7.53 5.57 5.7 0.45 1.23 2.35 8.92 9.47 9.72 4.99 4.85
bool 65 1 1 1 1 1 0 0 1 1 0 1 1 1 1 0 1 1 0 1 0 1 0 0 1 1 0 0 1 1 0 1 0 1 0 0 1 1 1 0 0 1 0 1 0 0 0 0 0 0 0 1 0 0 1 1 0 1 0 0 1 0 1 1 1 0
int 67 32 24 89 37 58 21 56 46 60 38 83 13 73 85 30 58 90 1 33 95 89 85 49 54 38 36 51 92 82 52 84 24 23 49 6 46 77 25 48 33 33 6 74 12 19 93 60 88 49 17 63 74 74 65 26 41 22 51 69 97 31 23 33 92 86 77 27
bool 68 1 1 0 0 0 1 1 0 1 0 0 1 0 0 1 1 1 1 0 1 0 0 1 0 1 1 1 0 0 0 1 0 1 1 1 1 0 1 1 0 0 1 1 0 1 0 0 0 0 0 0 0 1 0 1 0 1 1 0 0 1 0 1 0 0 1 1 0
bool 68 0 1 0 1 0 0 0 1 0 0 1 1 1 1 1 1 0 0 0 1 0 0 0 1 0 0 1 1 1 0 0 1 0 1 0 1 1 0 0 1 1 0 0 1 1 0 0 1 0 1 0 0 0 0 0 1 0 0 1 0 0 0 1 0 0 0 1 0
int 69 3 59 68 34 59 89 16 57 27 91 39 86 69 13 93 71 47 9 17 97 41 61 93 56 54 20 11 33 22 73 71 56 27 11 76 33 80 54 15 52 72 16 68 62 28 97 97 91 60 15 8 31 65 83 12 81 45 36 45 43 99 14 6 82 42 42 6 38 48
double 70 5.64 9.87 2.01 0.56 5.35 1.55 8.86 2.28 9.06 4.05 6.13 5.08 2.81 3.43 8.85 3.72 9.24 0.76 2.09 3.86 1.09 7.4 8.01 3.96 2.29 4.83 6.56 1.12 2.85 3.45 1.89 7.56 8.41 3.38 8.39 6.53 8.79 6.1 2.75 4.76 4.65 7.9 9.96 6.29 1.34 5.9 6.8 9.72 1.83 9.61 4.13 1.38 1.18 9.25 9.49 9.22 5.58 8.12 4.02 2.86 8.5 7 8.91 6.84 1.71 2.88 6.04 8.88 0.18 9.17
double 70 2.03 3.37 2.41 8.39 4.49 8.99 0.24 7.46 3.54 6.51 6.86 7.42 4.34 9.49 2.86 2.3 3.3 6.12 9.39 0.88 4.72 4.97 0.84 0.47 7.54 2.45 5.74 3.63 0.24 7.6 9.79 0.26 2.86 8.6 2.38 7.95 0.59 9.96 5.34 5.12 5.14 2.28 7.01 2.91 0.16 1.12 5.12 9.87 0.53 1.8 4.88 9.18 7.77 1.26 1.48 1.02 9.75 6.48 9.2 1.72 5.51 8.38 0.79 0.69 3.78 8.66 8.03 9.37 3.64 7.9
int 70 20 11 77 52 25 55 66 53 70 24 32 55 91 82 54 89 71 32 80 78 45 84 98 76 81 33 9 95 3 78 84 69 79 51 98 95 2 39 90 8 20 77 19 45 76 63 9 12 3 42 7 75 4 72 97 34 71 70 63 43 64 9 71 12 91 40 14 28 62 17
int 71 31 50 20 29 47 6 16 68 6 58 59 46 89 48 92 19 88 71 4 49 84 81 32 98 76 35 24 64 27 92 33 50 35 13 42 88 93 59 64 49 9 10 48 23 4 44 66 98 24 51 40 41 56 64 19 82 20 87 35 95 13 4 61 20 70 73 8 86 33 23 9
int 71 55 20 37 47 92 32 38 50 61 20 96 96 4 44 8 33 71 93 77 23 35 98 56 7 50 91 82 40 32 37 61 69 49 77 56 71 66 24 45 40 99 75 88 56 54 64 54 17 51 23 48 39 39 98 13 74 5 77 64 86 72 78 94 42 58 24 4 96 1 66 16
double 72 5.45 9.39 5.43 0.33 4.19 4.58 0.83 9 9.45 7.84 3.79 9.97 7.15 7.95 3.26 2.26 6.08 0.24 5.96 4.17 5.5 8.96 7.72 8.38 6.59 9.81 4 3.72 2.09 1.31 9.5 3.45 2.32 9.27 2.96 0.56 4.31 1.85 0.43 2.79 1.92 1.81 2.86 6.02 7.27 9.76 7.23 8.27 1.16 1.77 4.82 7.26 4.34 9.87 6.65 7.26 5.79 3.6 3.59 3.97 7.08 7.14 6.69 6.83 7.55 5.76 3.43 0.87 1.21 5.73 0.62 8.88
bool 72 0 1 0 1 0 0 1 0 0 1 1 1 0 1 0 1 1 0 0 0 1 0 0 1 1 1 1 1 0 0 1 0 1 0 0 1 1 1 1 1 1 1 1 1 0 1 1 1 0 1 1 0 1 1 1 1 0 0 0 1 0 1 1 0 1 1 1 1 0 0 1 1
double 73 3.7 9.86 0.23 9.54 6.82 3.8 9.43 4.3 8.23 8.63 0.9 9.91 8.55 8.06 2.67 5.63 0.83 2.91 5.03 6.19 5.01 6.76 1.9 4.03 9.42 2.99 0.22 6.47 0.22 8.4 5.71 3.38 0.16 9.43 4.26 0.97 8.58 6.31 8.5 9.93 2.05 9.56 1.74 2.43 7.57 7.04 7.38 6 0.27 4.05 0.15 7.69 3.9 9.82 4.1 4.13 4.11 9.21 4.72 0.13 4.44 5.88 4.65 6.35 7.1 8.41 3.42 5.61 8.58 2.77 6.74 8.67 3.43
bool 73 0 1 1 0 1 0 1 1 0 0 1 1 1 1 1 0 1 1 0 0 1 1 0 0 0 1 0 1 0 0 1 0 1 0 1 0 0 1 0 1 0 1 0 1 1 0 0 1 0 1 1 1 1 0 1 0 0 0 0 0 0 0 1 1 0 1 0 0 1 1 0 0 1
int 74 16 89 16 78 74 6 72 73 17 72 44 8 87 71 90 20 23 11 83 19 19 55 70 66 22 74 24 84 45 66 87 68 47 70 24 79 11 60 75 84 59 87 54 8 84 88 27 31 61 36 18 44 46 99 99 62 74 16 38 47 29 94 83 28 93 92 23 33 93 53 3 16 51 83
double 74 1.16 0.95 1.26 8.64 5.95 2.64 2.24 1.92 7.33 2.04 4.26 4.79 1.62 2.38 2.4 6.32 7.55 2.26 4.37 3.9 3.08 2.61 3.15 6.17 6.34 7.79 6.21 0.58 9.07 0.89 6.28 1.67 5.43 6.28 4.8 3.46 1.07 6.85 6.57 1.85 5.2 1.04 1.09 4.69 6.56 5.45 1.84 0.81 0.07 0.38 8.71 9.54 5.85 9.75 2.26 6.83 3.85 9.29 9.4 2.62 8.39 4.84 8.9 2 1.46 7.15 4.01 2.93 4.46 7.05 2.34 9.76 7.79 0.85
char 75 o r j t r m p a m j t r t q r e j j n o q h s o i r a c e n o f k k g g b c m k e c m b r p s s m h k i t g r c t f j m b o o e e f j r m b r h j j c
double 78 5.24 0.94 2.27 5.66 9.35 5.1 5.62 3.14 2.12 7.98 8.27 5.23 8 2.32 8.44 8.81 9.97 4.03 8.07 0.74 9.86 0.22 9.28 5.03 6.64 9.18 6.47 3.34 8.9 1.88 6.15 5.73 2.32 3.34 6.39 6.03 3.82 9.91 9.74 3.16 1.11 2.51 0.96 9.94 0.39 7.42 9.28 2.75 5.27 2 3.54 3.43 6.56 2.68 1.35 5.89 1.17 6.73 7.1 4.48 0.59 9.44 2.51 4.49 3.79 0.43 8.31 7.22 6.05 4.38 0.38 4.19 7.44 7.47 3.59 8.83 9.87 8.23
bool 79 1 0 1 0 0 0 0 1 0 0 0 0 0 1 1 0 0 0 1 0 1 1 0 0 0 0 0 0 1 1 0 0 0 0 0 0 1 1 0 1 0 1 1 1 1 1 0 0 1 1 1 1 0 1 0 0 1 1 0 1 1 1 1 0 1 1 0 0 1 0 1 1 1 0 1 0 0 1 0
char 82 a e e d n g g b n h h i f n k n o p h t s c a e r j t b r k e d d r h r i q f s k d o m d q l j s j i b l m q t c s n n m b f e g r s d s n p t k f r i q s h o t s
double 82 2.02 8.62 7.72 3.02 8.41 1.72 8.48 4.52 9.33 0.9 8.61 4.49 1.1 4.78 0.4 6 1.13 4.02 1.72 8.55 0.43 5.44 7.94 8.87 2.94 7.06 4.38 9.41 7.37 0.17 9.99 7.89 0.26 5.27 1.52 1.53 3.27 8.92 5.82 1.5 2.23 6.03 7.01 7.32 1.87 5.98 4.2 5.18 1.64 5.06 0.63 8.79 4.2 8.3 5.45 7.15 4.18 0.92 6.6 8.56 1.82 7.26 5.81 5.23 6.03 8.49 5.21 9.88 4.49 3.14 4.5 4.5 3.91 2.6 0.29 7.68 6.94 7.15 6.25 9.56 0.86 5.49
bool 83 0 1 1 1 0 0 0 0 0 0 1 0 0 1 0 0 0 0 1 0 1 1 0 0 0 1 0 1 0 1 1 1 0 0 0 0 0 1 1 0 1 1 1 1 1 1 0 1 0 1 1 1 1 1 0 0 1 1 1 1 0 0 1 1 0 0 1 1 0 1 1 0 0 1 1 0 0 1 0 1 0 1 1
bool 83 0 1 0 1 1 1 0 1 0 1 0 0 1 1 0 1 1 0 1 0 1 0 1 0 1 0 1 0 0 1 0 1 0 0 0 1 1 0 1 0 0 1 1 0 1 1 0 0 0 0 1 1 1 0 1 1 0 1 0 0 0 1 1 0 0 0 1 1 1 0 1 0 1 0 0 0 1 1 0 0 0 0 0
double 84 7.57 0.7 2.19 4.27 0.67 7.99 6.61 7.44 5.57 9.81 9.82 5.95 0.38 4.07 1 7.6 2.5 0.78 3.53 8.49 3.34 2.7 2.86 3.47 8.12 6.86 1.07 4 2.67 7.08 6.51 5.85 2.38 2.93 8.11 2.15 3.24 0.55 6.49 3.12 1.02 0.54 1.01 1.49 4.56 7.68 9.11 2.04 8.23 2.08 1.31 2.18 2.43 3.29 3.92 1.24 1.91 3.65 8.09 8.23 7.68 7.32 7.59 9.1 6.32 5.04 3.01 8.85 8.35 7.23 7.15 9.07 2.61 2.93 4.35 4.37 9.18 7.41 7.96 4.39 4.42 5.09 1.63 6.53
int 85 79 17 33 34 80 10 52 29 93 68 89 19 48 44 38 6 98 22 8 52 69 47 90 36 54 13 85 76 71 41 53 28 59 65 2 67 76 36 16 31 63 57 89 15 49 62 62 29 2 87 97 69 16 55 25 24 1 61 90 24 15 54 91 38 66 41 95 81 21 34 18 4 65 7 52 98 45 29 44 98 44 72 78 72 28
char 86 q a o l m m a i f m a r r h q p o r q s f a f m j b r g t l a q p f o b e l q c l r o t h k h b h f h l i q i g f q i o c i j r n h h d k e p q n a b e t c j e h n p o l r
double 87 7.12 0.09 3.32 2.84 7.33 0.98 6.76 6.62 8.3 5.27 5.92 4.89 6.71 9.71 0.97 3.77 7.04 3.17 6.7 9.68 6.56 4 1.24 6.23 2.76 8.82 7.37 7.17 4.79 7.3 8.96 2.4 3.58 1.45 7.33 1.15 7.18 1.45 3.3 1.3 6.93 8.71 7.62 8.88 8.68 6.71 7.39 5.42 8.12 5.82 0.61 0.53 4 9.52 8.5 5.54 5.95 3.06 6.73 2.54 4.28 6.74 0.64 9.28 5.43 0.67 2.45 3.13 6.82 5.65 2.39 4.78 2.42 0.04 4.61 1.92 5.86 6.1 0.8 6.71 8.43 2.3 9.79 4.12 4.25 0.04 7.95
double 87 8.64 9.66 0.2 2.27 8.58 9.29 7.34 6.55 9.14 9.04 3.21 2.45 2.27 8.27 9.06 7.6 4.07 4.86 2.12 0.45 3.05 6.68 4.25 5.81 6.1 0.61 7.55 7.68 4.43 6.36 0.18 1.26 6.05 5.96 4.26 7.08 0.35 3.44 9.25 9.77 8.36 9.51 0.93 1.77 3.84 0.23 2.5 6.69 7.92 9.44 5.86 1.63 3.99 3.9 0.98 0.53 3.55 1.96 4.93 7.36 2.78 1.04 4.38 2.8 6.88 1.34 0.15 0.8 1.14 6.06 6.51 9.01 6.78 5.93 5.09 7.49 8.38 8.7 8.94 3.83 7.98 0.42 4.56 3.41 0.47 9.94 7.85
double 88 1.28 5.88 1.9 1.37 0.54 3.65 3.84 9.64 1.83 9.27 7.89 4.69 0.45 7.43 9.42 9.84 4.29 3.86 0.52 2.66 7.06 6.39 7.49 6.24 5.91 1.71 1.73 9.94 5.9 1.35 9.72 7.42 1.29 4.77 6.15 6.98 6.37 4.09 2.65 5.63 6.94 3.95 4.89 4.85 0.9 3.98 1.62 9.75 9.75 5.74 2.11 8.26 7.64 7.45 6.58 9.51 0.69 4.53 7.25 7.82 7.37 3.64 8.34 4.84 4.57 2.06 2.58 1.67 4.05 5.34 1.86 0.31 9.68 4.46 6.27 8.11 7.23 0.46 6.03 7.9 4.32 8.02 7.9 7.02 8.24 5.71 3.8 9.52
int 89 74 4 52 28 91 35 96 26 36 65 36 9 39 47 15 13 51 75 51 9 58 77 68 3 16 21 78 6 44 87 59 1 32 63 28 85 29 77 21 53 88 95 55 26 86 78 80 87 47 92 24 4 68 43 45 36 58 63 11 39 69 34 67 43 81 43 75 79 17 58 51 66 59 14 6 49 61 78 26 10 88 74 93 24 35 70 40 8 43
char 89 o q b f s p o i m g h k j m b c g j k r g d s q c g q f p s m a n c p b c j g c b p o r o f k p f q e f s b t o p b h p k m n g p p o t t o f h h k o e r j h t f b f p i b s h t
double 89 5.39 6.23 9.58 0.14 8.68 4.47 9.45 4.43 3.71 6.83 9.54 2.9 9.72 6.85 1.36 1.08 4.47 4.87 8.4 1.07 5.3 5.35 0.67 4.43 8.64 0.74 6.85 2.29 1.24 6.25 5.98 7.14 0.96 2.61 4.51 7.69 8.44 7.25 0.3 0.18 5.32 6.72 7.01 3.39 5.35 1.58 5.37 6.86 6.92 7.27 5.21 7.34 9.66 9.41 7.89 9.4 9.62 5.16 1.78 0.98 7.68 9.63 0.91 4.08 4.12 4.87 2.65 3.58 2.02 2.12 2.67 9.03 5.5 1.36 1.56 3.05 2.36 2.53 1.57 5.09 5.05 1.61 4.57 6.49 8.18 5.76 5.62 5.69 2.26
double 91 5.75 0.58 5.48 7.54 0.72 2.17 4.94 3.44 2.61 4.98 6.44 5.86 7.05 1.7 4.52 9.02 0.71 0.8 6.39 4.39 7.11 6.67 0.95 0.69 3.16 4.21 3.74 1.16 7.57 7.34 8.54 6.13 9.42 8.15 5.12 5.56 7.94 2.64 9.21 9.97 1.26 7.98 0.57 5.76 3.51 7.69 2.71 4.87 9.15 2.91 0.89 6.25 7.76 8.09 3.21 4.86 2.06 0.18 6.39 2.39 3.88 4.48 2.89 2.65 5.57 1.82 5.79 1.32 9.11 4.82 8.51 2.82 8.33 5.04 0.97 2.53 0.17 9.3 0.49 4.73 4.16 6.67 9.15 8.14 2.1 8.68 9.72 4.4 0.81 0.3 7.48
bool 91 1 0 0 0 1 1 0 0 1 1 1 0 0 1 0 0 0 0 1 0 1 0 0 0 0 1 1 1 1 1 0 0 1 1 1 1 0 1 0 1 1 0 0 0 1 1 1 0 0 1 1 1 1 1 0 0 0 0 0 1 1 1 0 0 1 1 1 0 0 0 1 0 0 0 1 1 0 0 0 1 0 1 0 0 1 1 1 0 1 0 1
int 93 98 93 62 37 22 80 16 31 59 62 95 52 10 22 96 36 45 28 93 15 92 84 33 53 79 55 58 69 94 89 46 87 36 61 5 8 45 76 91 91 44 73 49 10 87 53 68 1 63 11 60 9 65 62 94 48 52 49 97 79 50 65 28 87 2 33 73 55 5 88 73 94 53 97 99 92 98 44 10 76 15 11 7 19 81 28 26 22 72 6 53 89 5
double 95 3.35 4.64 9.33 0.12 2.96 0.28 6.24 1.92 4.29 0.03 5.26 4.83 4.12 9.36 0.38 1.18 9.42 1.15 7.24 6.25 4.65 3.65 0.9 3.82 7.84 7.07 6.78 9.39 0.02 7.92 7 3.95 1.84 1.9 5.17 7.35 6.96 6.46 3.17 8.44 0.51 4.23 3.39 7.41 0.7 8.56 5.81 2.05 1.95 4.86 5.97 6.38 9.71 8.25 1.25 7.34 6.72 9.57 4.96 2.18 4.94 6.86 7.63 5.95 6.52 6.35 4.77 8.84 1.46 0.75 9.32 8.82 2.93 8.9 1.3 5.79 2.28 4.44 9.41 1.49 7.59 1.33 1.53 2.92 5.38 6.62 5.36 9.34 9.46 8.75 7.22 8.18 4.14 8.11 2.92
int 96 55 94 47 73 75 78 11 53 79 54 11 55 36 9 91 42 64 9 83 14 25 24 59 67 68 53 72 94 36 45 35 45 36 1 71 91 6 74 57 99 1 88 4 17 15 52 21 17 95 53 21 92 25 72 15 44 35 68 32 46 5 95 73 32 64 98 43 50 31 16 86 32 88 7 94 83 8 60 97 84 9 78 17 77 28 91 40 47 56 31 34 20 24 64 91 92
bool 97 0 0 0 0 1 0 0 1 0 0 1 0 1 1 1 1 0 1 0 0 1 1 1 0 1 0 1 1 0 1 0 0 1 1 0 1 1 1 0 0 1 1 1 1 0 0 1 1 0 0 1 0 0 0 1 0 1 0 1 1 0 1 0 0 0 0 1 1 1 0 1 0 1 0 1 0 0 0 1 1 0 1 1 1 0 0 1 1 0 1 1 0 1 0 0 1 1
bool 97 1 0 1 1 0 0 1 1 1 1 0 0 0 0 1 1 1 1 0 1 0 1 0 1 1 0 0 1 1 0 1 1 1 1 0 1 1 1 1 0 1 0 0 0 0 0 1 1 0 1 0 0 0 1 0 0 1 1 0 0 1 1 0 1 1 0 1 0 0 0 0 0 1 0 1 0 1 0 0 1 0 1 1 1 1 0 0 1 1 0 1 0 1 1 1 0 0
int 98 24 69 22 5 56 33 61 16 84 12 9 34 42 76 54 16 93 91 3 93 77 27 47 98 47 71 96 76 66 34 75 67 20 81 96 12 21 82 27 38 98 39 33 32 95 51 61 21 11 40 89 41 50 64 82 33 11 43 18 43 37 15 33 87 21 1 41 85 74 31 9 45 5 86 39 62 42 35 93 56 35 63 42 52 31 99 55 93 10 59 61 86 61 81 6 93 76 52
int 98 31 87 96 1 64 92 75 83 37 79 47 54 2 22 3 22 57 58 36 1 41 61 67 53 55 90 43 83 34 16 63 58 20 70 18 41 51 6 91 11 71 40 52 86 98 23 2 60 66 17 24 37 88 40 24 66 34 79 46 89 5 49 65 52 12 5 61 62 77 89 34 38 23 7 34 29 34 35 22 17 93 14 17 92 75 56 47 65 81 17 73 45 83 35 15 5 87 80
char 98 d c p n o p q a h e n t j f e e g h j q r c l p q o j d n q j o a f p s k b t e p m j t q c f r e b i g e o i r g m e i s e r b n n c p h p j r q h e p n l d a l c d e e m m j t d p l i r d s b t
int 99 91 38 80 86 54 65 38 45 88 13 76 53 58 4 7 62 54 35 61 97 11 45 98 45 93 6 6 20 25 3 89 7 53 3 70 1 68 33 25 76 80 68 90 48 77 47 12 34 60 4 73 11 34 53 7 80 36 3 13 60 64 13 56 55 40 13 6 97 84 52 74 50 61 62 88 49 54 83 11 5 51 10 52 97 11 65 6 67 33 13 65 91 52 86 59 13 34 43 91
double 100 7.39 6.03 3.75 3.24 0.74 9.44 7.14 7.19 6.12 2.33 5.41 8.18 3.23 9.27 2.85 1.13 6.95 5.2 0.5 9.55 1.82 9.83 7.77 2.84 5.43 8.36 3.26 0.62 4.92 0.54 7.6 1.89 9.3 0.44 8.9 1.64 2.62 8.28 7.28 9.27 1.23 9.44 7.49 9.92 2.27 1.2 0.1 8.09 2.32 9.97 6.18 0.92 7.26 4.97 1.76 7.82 0.11 9.08 5.27 2.74 3.34 7.94 2.58 6.1 8.76 5.96 5.41 9.14 8.05 5.2 7.19 1.71 6.28 4.78 7.64 0.25 4.89 6.94 0.69 8.69 5.21 5.48 1.92 0.26 3.83 5.1 2.36 3.21 9.02 1.73 1.19 4.02 3.21 5.33 3.69 9.6 6.67 2.93 3.41 2.42
int 103 36 72 11 6 41 79 97 36 77 36 9 20 39 15 73 53 49 60 97 4 52 16 55 24 46 51 36 12 96 2 88 20 6 47 50 65 69 93 57 49 55 65 83 47 93 52 18 34 71 67 89 11 61 59 98 63 68 20 49 90 22 55 47 86 96 37 88 31 94 80 3 59 97 31 32 40 89 23 58 41 89 42 23 35 16 25 99 39 60 11 36 13 28 52 34 86 96 53 81 51 33 17 6
char 107 t o k p j j m s k r o h m f k t t t l l t t f e i f l j p p a l d f b n s j i n f f n l c n s d b b h h d m o o q a p q k k k f k d t f g b a t o f i j b b f l k n f n o t l o q n i d j d q c t r l n h l c o e l l
