double 10 9.58 8.28 9.94 0.95 3.95 2.06 3.88 8.28 7.2 7.22
char 10 b r l i r s r r o e
double 11 2.14 5.03 4.06 6.05 9.35 5.31 5.95 1.16 6.91 7.34 4.97
char 12 a o e p j h p n j a p p
char 12 s p n r q s g r l s o t
int 13 63 19 38 83 44 88 32 15 17 67 24 94 93
char 19 d r q c j s f j c p f t l b o o c g d
char 20 c s o g g m p b r b s o a r h l c m r e
bool 20 0 0 1 1 1 1 1 0 0 0 1 1 0 1 1 1 1 1 0 1
char 21 k p j o d o o o o d p r r h c o m t t d r
bool 21 0 1 0 0 0 1 0 0 0 1 1 0 0 1 1 1 0 0 0 0 1
bool 22 0 1 0 1 1 0 0 1 1 1 1 0 1 0 0 0 1 1 0 1 0 1
int 25 11 1 75 92 87 15 62 91 17 15 28 52 12 5 15 36 13 49 46 1 94 37 41 13 23
char 27 f d g p k c p d f m j a n r q d n g m q c s l g o j c
int 30 57 53 86 93 34 83 27 78 10 43 3 53 68 48 12 54 97 36 9 34 72 39 72 58 38 34 49 67 96 79
int 31 61 58 9 63 42 87 16 35 71 64 28 32 85 44 78 47 6 79 78 73 12 27 62 51 48 84 71 42 37 25 11
char 32 r r s f o s k n h l l g i c g l i s n f p c c k s e k e j k r c
int 32 39 12 15 83 92 44 68 31 77 20 53 7 73 64 55 47 51 95 1 46 89 40 75 91 57 38 15 94 93 68 49 54
char 33 i j r t m r h p q d g t c i i b s i l c l p t d g r j h q k j j s
bool 34 0 1 1 0 0 0 1 1 1 0 0 0 1 1 1 0 1 1 0 0 1 1 0 0 0 1 1 1 1 0 1 1 1 1
double 34 4.18 7.21 0.95 1.86 1.41 6.21 2.28 4.36 9.93 6.91 7.44 0.78 0.89 0.8 5.82 8.7 5.6 6.61 3.21 2.09 2.99 0.14 7.49 6.51 5.02 5.9 4.45 6.89 6.39 5.23 6.8 2.68 1.92 4.11
bool 34 1 1 1 1 1 1 0 0 1 0 0 0 1 1 1 0 1 0 0 0 0 0 0 1 1 0 1 1 1 0 0 0 0 0
int 36 79 15 23 67 55 97 53 27 93 81 37 17 24 1 64 59 41 60 50 75 30 87 68 75 24 28 85 99 64 65 80 94 87 49 82 96
int 37 43 98 70 73 14 8 1 99 94 56 35 74 71 21 93 17 85 42 66 4 67 7 5 35 17 71 71 21 22 6 39 31 35 97 8 6 92
char 39 n s g j p m b e h b h r h l d l r c n j s i k h p c p i r o o b h s e l n e o
char 39 l a i d s j p m e m o k j t s i h t l g p c i e q a a a q g h q a s h q t q t
bool 40 0 0 0 1 0 1 0 0 0 1 0 1 1 1 0 0 0 1 0 0 0 1 0 0 1 0 1 0 1 0 0 0 0 1 0 1 0 0 1 0
int 40 29 8 43 94 91 73 57 24 72 80 22 47 47 22 18 29 99 57 11 49 37 88 43 83 30 57 61 61 38 77 17 90 60 62 18 4 87 11 65 36
int 41 61 2 97 10 6 43 28 68 95 49 92 62 97 77 74 18 23 65 52 85 28 41 34 30 59 78 32 62 96 83 33 87 97 8 13 93 54 20 85 72 66
int 41 4 56 30 74 20 88 90 4 70 99 92 46 10 38 31 98 75 48 81 48 72 52 70 58 78 24 54 39 79 93 62 5 73 46 24 33 24 64 34 16 29
char 41 k f h e n l k l f k b p p d n t n l e s r p h d b l b c o p q j h p g c a f s i e
char 41 s d m e b b q r l p e c d b h o n k j f b f e d b e e a k g j b i m s f d r l m f
double 42 7.98 7.35 7.54 3.27 7.23 6.21 2.16 3.83 7.08 1.08 5.21 5.45 8.86 1.55 0.45 0.76 2.33 3.05 9.18 9.94 1.69 8.04 3.66 9.19 1.55 3.31 9.6 8.88 9.85 4.75 4.26 7.58 7.15 0.75 8.88 2.45 2.1 5.66 1.04 6.92 9.65 9.3
int 44 3 99 8 80 24 57 48 20 26 25 42 45 77 69 21 13 55 29 41 52 14 12 24 75 47 74 57 62 15 75 99 16 82 30 3 20 40 95 17 64 28 24 89 95
bool 45 0 0 0 1 0 0 1 1 0 0 1 1 0 1 1 1 0 1 0 0 1 1 0 0 1 1 1 0 1 1 1 0 0 0 0 0 0 0 1 1 1 0 0 1 1
char 45 m j n m e g p c h n k c n h l m r i l a j m l n j n h f b a g g j s e f k d h n b m a r f
int 45 38 57 90 4 62 45 64 25 4 12 70 93 97 57 62 34 66 94 47 8 88 43 12 97 34 17 61 14 51 83 12 88 69 65 90 97 9 55 31 45 27 29 72 35 83
int 45 58 92 87 74 2 74 40 31 78 85 54 94 77 97 13 13 91 94 50 88 36 20 45 90 59 82 19 70 25 94 12 94 7 61 51 6 13 23 70 91 40 13 36 58 41
double 46 7.9 8.02 9.18 3.62 2.34 5.28 2.91 8.04 8.86 6.7 8.19 2.21 6 0.51 0.03 9.48 0.33 7.04 8.9 3.85 6.24 3.01 8.13 2.42 6.71 2.82 7.86 5.7 5.75 2.89 7.22 2.66 1.09 7.5 2.69 7.61 6.54 7.23 6.01 7.87 2.25 3.97 6.25 5.56 4.25 7.62
int 47 31 79 61 38 64 65 51 7 56 45 65 26 98 47 53 24 7 38 18 26 51 98 78 7 71 81 21 3 67 18 58 44 44 38 26 78 97 47 49 79 73 72 11 9 2 48 84
bool 47 1 0 1 1 0 0 1 1 0 1 0 1 0 0 0 0 1 1 0 1 1 1 0 0 1 1 0 1 0 1 0 1 0 0 1 0 1 1 1 1 1 1 1 0 1 1 0
double 48 5.43 5.6 0.84 9.31 8.71 2.32 9.91 9.03 8.39 0.55 5.83 2.1 4.08 6.91 5.87 5.3 6.19 3.75 8.26 2 4.6 8.87 8.24 2.45 0.15 1.58 6.49 7.41 8.25 9.39 9.25 2.79 1.09 4.22 5.11 6.12 5.85 1.49 7.05 0.86 9.5 6.18 5.03 2.72 2.57 1.49 8.69 6.35
char 50 q k g k e p m d t l c c m t i i s q b h g e h a l p j a l b h a p g o i h h n q m p h b t r g e b d
bool 50 1 0 0 1 0 1 0 1 0 1 1 0 0 0 0 1 1 0 0 1 1 1 0 1 0 0 1 0 0 0 1 1 1 1 1 0 0 0 0 0 0 1 1 0 1 0 1 0 0 0
double 51 1.94 4.63 0.81 2.61 7.69 9.96 8.32 5.38 8.52 4.3 5.68 3.61 1.55 5.58 7.71 5.22 2.68 7.82 0.38 8.9 0.95 4.26 6.35 7.47 6.27 7.72 9.27 9.64 9.88 8.96 9.7 5.19 2.06 3.59 9.55 0.02 7.72 7.57 6.65 6.93 4.44 1.07 3.11 4.17 3.75 6.78 8.01 8 4.64 3.09 4.89
double 51 3.88 1.93 0.75 4.89 8.03 9.74 1.26 9.05 4.27 2.97 0.32 7.16 1.57 0.27 5.95 4.43 6.03 3.54 4.66 7.68 4.51 7.24 6.95 0.21 1.86 5.35 3.48 9.72 8.92 5.87 0.39 3.2 9.22 5.11 4.13 9.03 0.54 1.72 3.31 1.63 8.7 8.26 1.03 3.31 4.43 2.25 3.77 0.37 5.23 9.25 8.45
int 52 4 15 91 13 48 7 78 77 50 31 99 63 95 20 45 62 30 4 49 48 91 60 62 2 36 67 33 12 18 41 53 52 65 65 80 74 36 52 54 77 87 63 66 44 23 12 49 28 81 35 36 44
int 54 13 12 21 73 92 11 4 49 36 49 26 87 36 66 74 33 28 35 71 25 11 15 51 7 58 25 58 39 73 16 69 42 12 71 74 56 72 35 75 89 58 62 90 51 25 32 53 98 2 63 79 65 82 62
char 55 a r c g c a i f l c i b e c n n c b f f j c a d q k t j e f t d m g a j e g l q f h p d d g l n q d m j g r i
int 55 1 17 6 8 40 39 31 3 9 2 88 65 51 4 28 54 27 25 19 46 3 91 10 60 32 85 86 56 91 1 15 39 30 13 45 28 22 88 12 64 39 73 6 81 81 53 46 48 22 43 30 27 30 28 94
char 56 h k q n s i e t l k b g s h a j e q a d j b s k n a s l t b b c d c f r n q p s e j b h p q m a r a s l i d k n
bool 58 0 0 1 0 1 1 1 0 0 1 1 1 0 1 1 0 0 1 1 0 1 0 0 0 0 1 1 0 0 0 0 0 0 0 1 1 1 1 0 0 0 1 0 0 0 1 1 1 1 0 0 0 1 0 0 1 0 0
int 58 26 50 19 11 68 62 67 85 43 85 22 88 66 43 30 27 94 35 53 69 47 44 91 77 11 80 27 89 97 79 89 12 24 65 28 55 49 88 29 94 33 68 25 6 60 9 35 78 94 2 96 74 2 51 29 96 38 74
int 60 66 29 19 3 60 15 58 32 41 79 55 36 81 80 23 18 18 49 60 68 45 63 24 99 51 60 78 24 6 45 9 28 18 43 55 81 37 65 20 20 87 67 62 24 24 94 54 26 72 12 68 91 14 67 31 15 35 52 12 84
char 61 p h f l h c b t q o e e a j i f f a r e i h r t p m j b c s k m h c i n g h o k s g t e m f s f i i f h g b i t q k o c e
bool 62 1 1 1 0 0 1 0 1 1 0 1 1 1 0 1 1 0 1 0 0 0 1 1 0 1 1 1 0 1 0 0 1 1 0 0 1 0 0 0 0 1 1 0 0 1 1 1 0 1 1 1 1 1 0 0 0 0 1 1 0 1 0
int 62 48 73 95 11 98 7 8 44 61 49 34 72 73 77 76 17 6 4 71 87 15 1 42 23 90 51 4 56 28 34 98 55 39 49 62 33 63 81 36 24 13 93 86 69 93 87 23 42 94 96 75 8 39 76 15 35 40 94 44 78 96 43
bool 62 0 1 0 1 0 0 1 0 0 1 1 1 0 0 0 0 1 1 0 1 0 1 1 0 1 1 0 1 0 0 1 0 0 0 0 0 1 1 1 0 1 0 0 0 1 1 0 1 1 0 1 0 0 1 1 1 0 0 0 1 0 0
double 63 9.48 9.54 0.38 8.63 3.41 0.67 3.02 2.4 2.22 7.47 5.05 2.92 7.55 4.35 8.35 0.9 0.35 0.99 0.61 8.83 2.59 3.69 3.95 6.47 9.61 6.3 0.09 4.89 7.37 9.69 1.75 2.69 1.05 8.24 8.18 5.01 0.02 3.2 1.36 8.18 8.82 7.56 9.26 4.83 2.05 6.12 8.06 9.56 9.88 5.5 8.41 5.18 4.03 7.67 8.19 2.59 6.62 1.69 0.1 9 9.28 5.12 4.69
double 63 8.32 6.49 5.16 2.69 0.42 9.62 0.68 5.36 7.11 5.85 0.49 1.53 2.95 9.02 8.01 4.37 6.24 8.44 6.02 7.64 8.32 4.99 7.73 4.3 0.95 7.18 7.22 3.76 2.31 1.7 7.7 7.59 2.91 4.93 9.92 1.33 8.95 3.87 2.21 0.65 7.17 9.16 5.17 2.12 9.81 7.62 5.74 1.5 4.23 6.1 6.38 4.97 3.35 2.81 5.69 1.18 3.54 0.5 6.2 0.91 6.95 5.8 9.52
bool 66 0 1 0 1 0 0 0 1 0 1 0 1 0 1 0 1 1 0 0 0 0 1 0 0 1 1 1 1 1 1 0 1 0 0 1 0 0 0 0 0 1 1 1 1 1 1 0 0 0 1 1 1 0 1 0 0 0 0 0 1 1 1 0 0 0 0
double 67 5.47 4.46 8.71 7.25 6.5 5.66 0.36 7.41 1.96 5.84 2.27 7.54 4.83 8.07 9.53 8.47 7.26 4.15 0.62 1.24 0.8 2.12 8.66 8.95 8.35 4.51 4.41 6.39 0.18 3.61 9.48 7.06 3.17 2.05 5.25 4.62 3.9 9.99 0.82 2.62 1.74 4.18 7.84 3.76 7.07 6.55 0.28 5.45 6.23 8.15 1.1 2.83 5.18 0.56 1.43 3.24 6.96 9.86 2.69 6.37 4.33 9.23 8.98 6.97 5.72 4.82 2.77
char 68 s j j c g p l i h c l h j k a r b t q m q g i o a h o c e n t n a t e q p i r t q h p s p n f m l m r g p s j d m b s i t a f a p o h t
bool 68 1 1 0 0 1 0 0 0 1 1 1 0 1 1 0 0 1 0 1 0 1 0 0 0 0 0 0 1 0 0 0 0 0 1 1 0 0 0 0 0 0 0 1 0 0 1 1 0 1 0 0 1 1 0 0 0 1 1 1 0 1 0 1 1 0 0 0 0
bool 69 1 0 0 1 0 1 0 0 1 1 1 0 1 1 1 1 1 0 0 1 1 0 0 0 1 1 1 0 0 0 0 1 1 1 1 1 1 1 0 0 1 0 0 0 1 0 0 1 1 1 1 1 1 1 1 1 0 1 0 1 0 0 1 0 1 1 0 0 1
double 71 2.54 5.54 4.06 3.7 9.02 2.63 6.32 6.03 0.68 5.67 6.18 6.54 3.09 1.16 8.14 1.19 7.84 0.59 7.09 2.04 3.76 0.61 3.92 8.32 0.4 2.7 7.9 0.72 4.99 0.74 0.44 7.6 0.86 7.27 1.18 2.12 8.1 5.85 7.15 7.85 1 4.37 3.82 8.12 0.72 4.14 2.29 9.07 5.32 4.82 7.98 3.04 7.01 3.23 4.53 9.93 0.07 2.12 5.14 0.59 6.62 7.93 4.9 5.57 9.96 6.04 8.5 3.67 0.29 6.22 6.9
char 72 b p l h j a l k j n r m a q f r a h a r m d n g f l r c c q n p k r a n d c b e i j n h p o b a m e o e m q s t o r k a a t b f i f n d q f e b
bool 74 1 0 1 1 0 1 1 0 1 1 0 1 1 0 1 1 1 0 1 1 0 1 1 1 1 0 1 1 1 0 1 0 0 1 0 0 0 0 0 1 1 0 0 1 1 1 0 1 1 0 1 1 0 0 0 1 1 0 0 0 1 0 0 0 1 0 0 1 1 1 0 0 0 1
char 74 s i h q e e t r p r c i q s r t m i j q c b a l t g e s g s a k q h i c m k c s o r k n o j c h c r e c i d q d e j c l e h j h h i b d s m s j r i
int 74 25 65 41 61 49 28 17 61 35 59 29 51 41 60 99 66 39 30 38 13 22 85 16 13 36 44 65 77 29 69 22 12 56 64 77 57 52 30 55 6 87 92 78 83 35 61 19 88 56 8 47 86 19 64 81 47 96 46 84 87 50 97 38 42 3 77 78 79 58 80 68 55 6 11
int 75 10 71 39 78 50 3 88 57 1 7 28 9 15 64 33 90 15 17 75 71 69 80 44 83 23 86 66 35 83 5 81 23 97 55 38 42 89 14 32 74 42 60 80 14 30 34 85 75 96 50 44 6 49 79 72 96 92 95 2 30 13 88 26 27 21 84 41 96 30 43 72 37 86 23 26
int 77 47 39 14 94 94 3 52 70 6 96 23 13 11 13 89 67 28 75 14 1 39 22 30 48 59 8 48 63 95 97 86 85 81 39 23 85 98 69 37 40 42 26 15 76 25 70 62 84 40 9 16 73 81 83 3 85 72 72 12 16 58 64 26 83 36 59 58 53 98 17 58 34 72 77 83 17 97
double 77 4.35 5.7 3.08 8.05 4.37 3.17 0.18 9.47 9.51 8.55 7.59 8.48 2.82 3.75 5.75 3.32 3.98 6.34 3.45 5.78 2.4 6.58 5.41 7.11 5.57 3.98 8.17 8.4 3.64 0.52 8.75 2.97 1.4 9.91 0.72 9.34 3.05 1.09 5.57 6.06 7.05 2.05 5.06 6.68 1.9 5.53 3.63 3.73 3.67 4.29 0.14 5.09 9.54 1.9 6.64 6.26 7.49 6.1 2.65 0.02 9.9 3.76 6.71 0.47 1.34 0.2 5.48 4.48 1.44 5.24 6.54 5.59 4.76 2.7 9.12 6.96 4.07
double 78 9.81 1.42 8.91 5.42 1.64 3.86 6.4 4.15 7.41 1.24 5.81 1.35 8.41 2.62 9.45 3.44 8.91 8.87 2.72 5.07 6.94 6.84 8.39 9.16 9.9 5.87 0.37 2.55 2.39 2.94 6.33 7.62 5.07 2.22 0.01 2.33 6.57 9.43 7.27 1.63 4.37 9.15 4.45 1.08 7.73 9.37 2.79 0.82 6.98 6.87 8.29 8.13 9.49 0.45 4.93 8.12 5.6 6.3 2.55 8.74 7.81 0.77 7.8 3.87 1.74 4.3 0.04 0.19 7.59 4 7.3 9.45 5.64 3.09 8.26 8.61 0.99 3.4
int 81 36 63 37 36 85 48 37 56 18 19 23 64 83 23 18 76 22 94 85 38 26 40 8 16 20 77 31 75 67 23 23 72 29 96 24 38 83 1 50 83 52 6 64 69 92 6 92 27 42 90 69 59 75 64 69 42 41 76 36 70 90 3 95 33 18 40 99 26 73 93 40 27 71 14 71 65 63 65 99 66 31
int 83 90 45 14 74 93 77 76 8 64 16 56 13 7 15 67 55 42 60 48 69 82 78 37 4 25 20 12 70 17 65 77 72 96 88 91 87 70 21 3 21 8 62 13 23 32 61 84 12 86 86 3 3 3 70 16 51 97 5 56 82 78 33 64 4 39 14 29 40 96 44 21 17 60 94 72 53 13 82 25 92 94 78 65
int 84 29 47 16 14 50 71 93 47 57 56 73 8 11 58 3 64 73 1 72 49 76 63 39 26 95 78 42 46 91 84 12 79 47 93 85 17 94 15 80 87 51 73 60 54 85 75 31 89 34 12 19 47 27 92 50 11 43 10 10 29 85 68 79 7 1 75 68 36 19 17 5 39 64 18 88 72 4 39 50 6 26 86 94 37
char 86 r j m a h f n i i p q f a m b i j o k l h h i q k p k n b i h r d m l d o b f o k r n h d k j d j b t n q c a d i m g h k q h d i g o f q t r q r h i e r p f h c k j h g s
int 90 97 85 80 27 21 52 48 87 71 39 80 23 97 9 48 78 66 64 86 7 19 86 61 80 3 59 2 14 87 36 16 11 7 44 46 55 80 1 27 31 54 2 93 99 97 85 50 93 52 28 50 89 2 82 57 17 9 51 54 53 91 84 56 24 56 80 6 28 79 39 92 72 8 8 72 21 61 35 69 93 55 57 74 65 13 24 73 26 86 8
int 91 85 50 85 68 98 94 18 52 64 25 78 62 80 64 59 83 79 31 94 13 84 89 26 20 34 97 17 76 37 80 35 57 32 37 84 36 7 12 89 84 4 38 52 93 66 90 6 61 93 55 27 85 39 34 57 37 96 82 53 96 68 59 2 26 46 4 9 97 66 85 30 23 91 13 80 69 75 9 25 88 96 31 54 12 74 87 67 32 15 19 16
char 92 i m k a o e a s p t a l f i o e o d p t r k d m j s m f q g q i t n f p l a p p s b c e r h n t m k s s g i b k m t t k a d t s s h j b p l j e o r k l h m m q m j r j m o c i n q o s
double 93 8.04 7.68 4.04 1.96 5.83 6.46 0.44 3.45 8.94 4.88 9.46 8.97 2.34 4.64 5.68 9.33 2.24 6.48 4.66 3.61 3.66 1.42 3.68 4.57 3.23 4.71 3.34 1.41 8.68 1.6 8.89 8.67 7.92 2.66 1.06 3.98 2 9.11 4.11 6.92 7.21 2.93 5.2 0.47 5.05 2.61 0.11 9.76 0.29 4.86 5.66 9.96 2.38 3.32 1.45 8.84 1.2 0.44 5.32 7.87 8.61 6.84 5.26 3.38 4.13 9.84 0.16 9.85 7.15 9.3 2.36 3.98 0.31 7.28 7.82 6.35 3.52 3.06 6.33 0.05 1.77 3.8 8.75 1.27 4.73 6.45 3.9 9.81 3.51 7.36 5.7 6.26 9.34
char 98 c m o d k g s o a f q b a d r i m b t i d b h h s k a p p d k t f k r r q f n t a f c k k k s c i r m o e e f o l n s j g a d q c h s n q b c g h f f h f i d i d e t c i a k e g q l q i b j l b t
double 99 6.15 4.69 8.94 9.08 2.34 2.22 0.6 5.69 6.4 4.6 7.63 9.93 5.44 3.04 9.4 5.95 0.05 0.97 9.84 6.42 0.62 5.53 2.53 4.04 5.11 4.38 2.77 1.3 0.27 6.93 6.39 9.25 5.62 8.23 0.83 3.03 6.3 3.07 3.73 7.53 5.95 8.6 8.7 1.35 6.06 8.11 9.04 5.59 0.39 6.12 6.07 9.41 9.6 8.9 8.13 4.33 0.69 1.73 2.77 2.18 9.22 6.34 3.19 8.42 6.21 4.01 2.33 5.68 6.68 5.49 5.99 2.18 7.41 1.28 1.1 6.14 6.37 6.32 0.46 1.92 2.94 2.67 4.6 8.62 8.18 7.08 9.67 9.85 3.03 4.11 2.66 9.88 9.93 7.2 4.71 9.9 6.96 9.49 4.43
bool 99 0 0 0 0 0 0 0 1 1 0 0 0 0 1 1 1 0 0 1 0 1 1 1 1 0 0 0 0 0 0 0 0 0 1 0 0 0 1 1 1 0 1 1 0 1 1 1 0 1 1 1 1 0 0 0 1 1 1 1 1 0 1 1 1 0 1 1 1 1 0 1 0 1 1 1 1 1 0 0 1 0 1 1 0 0 1 0 1 0 0 1 0 0 0 0 1 0 0 1
char 99 c e k c t a q o t i i q q e m l q l k t c k f h i q q h i l f e p p a q e h n s b i d g r l k q s b l n e s q k g c m d o d c d g k s c j q f g e r g j m p d k s f o o h q l c o t b k h l j g s f c
char 99 i n n g b f p d t h t p f n q j c p e g s g n o k a p c b b l f g q t k p s h g i h e h d o n e i i a m b b n g e a p q l d m r n d e f s k n l f i n g s q h e i m p q q q n n t p a m f s r t e d r
int 100 54 87 91 34 32 64 15 43 94 91 85 72 38 86 89 45 90 94 3 92 32 53 95 72 90 14 91 20 97 27 58 41 66 59 15 76 82 26 93 34 80 70 38 4 60 50 32 15 45 95 22 36 67 78 72 96 98 40 92 83 77 59 8 26 16 51 71 10 58 27 97 4 52 60 11 4 24 88 34 49 83 38 97 21 7 8 17 20 55 16 88 57 71 7 37 43 97 5 62 26
char 100 d o p e q a q d m f b s l g p g o o h d q j r t k h i g i o f c f e g k c r i e p f l d n t r r f p a g r d l o l h i e i q n b m n l s s t o t j c q i f q q b i h o r p t o c q n q t o e g j j c k q
bool 101 0 1 1 1 0 0 1 0 0 1 0 0 1 0 0 1 1 1 0 0 0 1 1 0 1 0 0 0 0 1 1 1 1 0 1 1 1 0 1 0 0 1 0 0 0 1 1 0 0 1 1 0 1 0 1 1 0 1 0 0 1 1 0 1 1 1 1 1 1 1 0 0 0 0 0 1 0 0 0 0 0 0 1 1 0 0 1 1 0 0 1 1 0 1 0 1 1 0 0 1 1
char 101 p n s t c j f e f o f b a k t e h j t t p c s s h s d o l p e g f h d e l h k o t c j d q f l i s s o d p c p l i p e c i p c f j o p j d i a d k b i h f k n c i q e i a l a a m h m p m n t b d r e m b
double 102 7.24 0.03 2.35 2.83 6.63 5.8 1.13 2.23 3.83 4.03 3.23 0.22 5.26 9.58 2.45 2 5.91 5.96 1.57 4.9 9.57 6.31 6.93 4.51 5.79 7.09 9.53 3.49 5.21 3.86 9.36 7.91 0.35 9.66 9.32 9.15 4.35 5.89 5.18 3.76 1.27 2.68 1.7 2.54 1.29 4.42 5.6 7.63 9.07 5.26 6.88 3 8.86 6.78 9.87 2.4 6.55 6.92 9.89 0.11 1.56 6.4 9.86 4.74 6.48 7.02 1.32 5.38 8.56 2.54 6.1 2.48 4.62 5.26 2.49 0.49 9.16 7.48 4.84 5.65 1.76 3.2 9.53 2.13 2.31 1.61 4.29 3.64 0.06 5.97 8.2 9.01 2.42 5.96 5.5 7.15 3.41 8.77 1.75 7.55 4.99 4.48
double 103 7.19 9.4 7.98 1.05 8.83 5.22 5.66 5.08 6.77 8.69 2.16 8.7 9.46 3.36 3.17 6.82 9.78 0.93 8.55 7.37 7.75 9.09 9.65 8.86 5.04 4.54 9.91 7.9 2.98 5.96 6.48 7.05 8.02 4.32 9.23 8.59 0.61 7.56 1.25 3.57 8.6 8 1.65 1.51 3.88 0.71 2.66 3.91 0.01 9.77 3.46 5.88 0.83 6.58 1.05 6.87 0.41 1.78 7.25 8.77 6.15 2.42 2.8 2.41 3.8 1.61 9.49 1.98 7.96 1.24 9.06 1.53 1.85 7.43 3.27 1.29 0.56 9.81 0.92 8.7 8.6 0.6 7.55 2.64 3.72 4.54 4.07 2.74 6.5 9.73 9.14 7.26 8.11 5.62 6.82 0.74 7.8 6.57 4.87 1.12 1.22 4.64 8.84
char 104 q o g f b h q p t r k c i c j g e c j c r f g o c j f b n o a i h n n l e m j s q m p t b g o h r h p f f i s a d k c c q r q a k q f d i f k h c c i g p r k m m m g q g p h b b n o j k s k g c d g b a l i p
double 104 4.71 6.87 5.91 7.5 0.54 3.98 9.74 2.14 6.83 4.79 9.63 4.02 6.31 7.63 7.88 8.83 6.73 5.08 3.9 6.82 5.71 3.24 7.01 5.08 2.24 4.73 1.59 2.07 9.88 7.18 3.69 9.66 5.65 4.8 3.58 9.27 8.07 8.55 4.88 3.01 7.07 7.1 8.88 0.24 1.19 0.72 1.06 7.79 6.74 0.78 9.98 7.47 1.41 9.23 6.53 1.4 0.36 0.91 0.09 1.45 8.15 7.24 8.59 1.22 5.65 0.54 5.77 7.16 1.57 1.31 9.6 8.87 4.8 0.13 0.32 8.83 3.98 7.17 3.4 7.19 6.61 2.83 1.38 1.76 1.52 7.36 9.29 6.33 2.79 9.54 6.36 8.41 5.04 0.82 7.82 5.88 2.19 2.95 4.4 1.81 1.33 9.09 6.03 2.93
int 105 76 84 34 70 38 65 33 33 76 47 89 36 79 15 99 78 70 47 10 99 48 39 68 53 76 85 38 64 33 33 43 64 50 5 17 79 28 93 54 39 27 10 95 69 27 41 16 9 57 23 85 45 46 26 63 50 12 88 25 35 65 25 87 77 47 56 59 3 12 41 47 95 83 53 94 65 9 65 56 50 6 65 49 16 10 23 89 9 87 10 56 72 43 91 78 16 48 8 71 89 71 63 36 18 41
double 107 9.97 4.3 8.64 9.03 3.05 3.36 2.7 6.68 5.84 9.54 8.93 3.43 5.13 9.99 3.56 5.55 1.71 8.93 8.34 0.03 7.58 1.61 4.73 7.24 9.32 8.24 5.26 2.75 6.75 5.76 6.11 5.18 3.45 7.07 0.24 1.3 0.98 4.37 5.73 2.56 4.18 1.43 6.32 5 2.99 5.76 4.69 0.6 7.4 8.04 7.87 0.72 9.07 2.97 3.3 9.27 9.88 3.02 0.1 3.3 0.71 8.39 9.12 4.44 6.29 1.06 3.69 4.49 5.06 0.94 8.93 2.12 1.26 7.63 6.35 0.4 0.03 2.07 8.01 2.5 2.57 8.26 8.79 8.9 7.35 9.93 7.26 1.41 6.46 4.59 0.56 8.89 2.29 1.03 4.71 2.99 0.57 6.28 0.24 7.74 4.62 6.89 2.32 7.62 5.25 6.78 4.66
bool 107 0 1 1 1 0 0 1 0 0 1 0 0 0 1 0 0 0 1 1 0 0 0 1 0 0 0 1 0 1 1 1 0 0 0 0 1 0 0 0 1 1 1 1 1 1 1 0 0 1 0 1 1 0 0 1 0 0 0 0 1 0 1 0 1 1 0 0 1 0 1 0 0 1 1 0 0 1 1 1 1 0 0 1 0 1 1 0 1 1 0 0 0 1 1 1 0 1 1 0 0 1 0 1 0 0 1 0
char 107 t o k p j j m s k r o h m f k t t t l l t t f e i f l j p p a l d f b n s j i n f f n l c n s d b b h h d m o o q a p q k k k f k d t f g b a t o f i j b b f l k n f n o t l o q n i d j d q c t r l n h l c o e l l
double 108 2.81 8.39 7.82 6.98 7.23 4.61 1.65 5.17 2.83 8.66 8.05 6.75 9.4 7.5 1.99 2.96 4.67 0.15 7.41 1.08 0.59 3.16 6.56 4.47 9.59 0.74 3.7 7.13 7.02 3.95 8.77 6.45 9.89 6.88 1.47 0.71 0.58 9.18 1.61 6.23 0.58 2.62 3.18 1.87 9.01 3.47 2.73 6.95 3.97 5.23 0.35 7.12 8.78 2.76 4.63 3.12 6.4 7.52 2.9 3.28 4.45 0.07 5.43 1.38 5.49 0.84 8.97 2.47 2.91 6.86 9 2.07 9.41 8.78 9.03 8.12 8.45 8.16 3.7 3.91 1.73 7.83 1.64 7.32 9.19 9.57 0.14 3.77 2.31 2.55 4.67 2.37 9.99 4.65 2.46 1.64 6.98 0.81 3.2 0.64 9.76 3.96 1.49 2.98 6.96 1.12 8.25 8.93
