10 2 8 8 13 18 1 15 13 5 14 3
14 4 20 25 5 1 23 12 11 4 11 15 22 7 24 21
22 8 3 11 42 8 38 23 32 5 9 21 27 20 4 28 41 23 26 24 29 13 25 8
22 12 17 37 11 12 8 1 20 19 1 8 10 24 6 3 16 36 11 18 38 27 20 38
26 4 33 25 13 1 18 8 37 33 33 29 36 27 29 23 42 32 17 6 30 3 15 25 2 7 43 32
26 4 12 47 10 39 24 23 12 24 48 4 6 38 19 20 39 14 3 47 20 51 50 32 21 32 20 23
30 6 45 43 55 19 18 59 41 42 48 54 0 21 10 28 51 24 29 35 9 10 12 23 25 39 30 51 23 26 49 10
30 9 40 43 52 23 43 12 1 9 1 26 13 29 31 57 19 46 16 16 14 34 14 55 17 46 17 37 20 12 51 31
38 19 70 33 1 72 0 37 9 17 52 62 20 12 15 52 48 19 24 65 65 1 42 37 17 35 17 59 11 18 12 61 57 15 43 21 73 45 61 58
54 36 35 28 57 10 98 60 90 29 22 22 18 100 66 61 29 43 96 84 72 1 66 24 22 104 95 37 14 51 101 46 68 55 8 87 37 30 56 17 102 54 48 40 56 67 99 99 57 97 51 28 72 18 53 72
54 41 49 64 79 81 107 24 95 7 47 47 17 73 12 0 23 52 91 56 53 89 59 25 70 37 61 58 38 39 74 93 2 56 15 11 107 70 66 16 97 49 105 10 103 16 70 54 96 10 104 60 41 78 41 72
54 8 82 87 19 17 43 30 23 49 39 43 17 87 50 15 37 57 9 59 78 18 56 21 99 1 80 50 84 15 48 101 7 18 60 46 4 46 81 40 37 60 83 78 103 93 91 95 54 24 97 1 49 90 78 93
54 37 106 70 66 86 19 47 0 44 33 23 59 29 37 47 50 10 44 8 10 102 65 19 83 48 39 99 11 35 43 22 30 53 51 52 94 84 69 53 61 13 80 19 105 29 27 24 34 95 19 72 77 33 14 4
62 44 59 122 16 29 91 81 102 87 77 18 95 59 104 83 69 34 70 16 19 102 25 24 117 83 69 118 8 13 113 11 116 28 74 48 54 74 24 62 32 75 56 47 28 7 7 58 92 71 4 37 16 100 96 88 57 114 36 121 117 90 13 22
66 64 27 26 102 98 50 58 16 77 47 79 111 74 49 55 124 112 113 117 40 63 70 80 36 49 51 86 80 77 35 62 42 96 42 111 77 70 12 20 108 15 36 89 105 36 32 86 108 61 25 77 111 10 101 42 7 40 115 117 89 59 85 127 131 105 3 57
70 29 16 53 115 44 17 43 73 43 135 3 101 95 58 22 134 41 121 33 42 14 103 71 77 99 86 136 42 35 69 63 83 63 0 117 84 40 15 118 66 55 20 100 10 135 77 61 128 125 115 57 32 48 9 132 53 71 66 78 54 10 52 125 108 59 75 123 9 83 5 102
70 8 128 94 83 138 22 84 60 65 7 59 32 107 79 90 128 136 46 36 33 72 95 103 113 10 7 85 58 23 43 24 138 28 25 43 100 44 30 20 133 73 28 44 29 23 43 129 119 18 130 43 80 106 63 74 115 109 70 121 86 118 93 127 47 34 91 37 130 99 111 83
74 67 81 131 51 145 72 36 141 19 93 129 78 90 133 50 65 41 93 34 100 19 129 4 73 62 142 71 62 17 60 115 35 46 50 78 124 103 131 138 84 79 129 67 140 125 125 44 48 119 39 88 139 88 75 20 94 81 78 13 115 72 119 9 86 95 71 88 56 145 145 16 16 136 116 141
82 29 118 155 145 49 44 156 150 15 84 60 109 61 152 77 7 79 128 50 111 109 163 130 89 34 121 9 17 97 36 139 29 100 104 112 10 26 109 85 140 4 26 13 139 89 7 48 57 43 60 154 29 128 40 147 129 8 122 91 106 100 149 65 4 93 58 73 105 141 81 76 49 45 75 115 81 157 132 126 69 27 122 23
102 50 108 107 177 89 86 62 49 155 194 35 5 58 142 46 55 153 3 106 148 151 40 131 125 13 142 181 191 202 4 202 63 110 161 172 134 142 125 33 70 202 54 187 29 178 125 104 175 118 1 183 12 94 15 117 200 114 33 164 169 103 116 64 149 42 185 75 110 18 86 131 37 81 17 63 34 73 14 12 53 106 12 40 59 56 180 194 127 81 145 45 200 43 131 190 144 21 156 161 179 25 79 17
102 59 95 45 147 175 169 137 175 187 84 43 132 5 154 135 77 87 181 82 195 117 42 16 30 188 147 49 76 68 17 171 79 90 87 115 52 162 119 145 159 93 107 43 110 3 43 145 138 100 86 38 200 173 134 9 203 135 48 148 69 62 119 198 47 199 156 27 66 56 150 119 116 133 103 125 175 117 124 50 29 10 71 3 36 202 88 158 119 36 40 114 85 128 195 12 139 197 147 195 58 58 80 143
102 15 83 177 46 178 26 148 110 146 25 179 50 163 65 14 64 101 133 96 186 45 7 87 202 114 190 132 186 154 132 114 24 2 96 172 103 163 29 7 73 46 63 84 91 144 29 38 172 28 22 95 137 36 59 33 34 144 91 36 188 12 4 123 42 135 19 99 73 171 165 46 11 131 128 6 66 47 87 5 188 144 188 143 181 73 119 119 113 113 26 142 103 96 83 163 3 186 75 99 66 151 155 137
106 60 175 89 154 59 71 130 77 11 165 172 36 61 210 144 207 178 191 192 179 147 34 21 98 167 13 39 0 167 95 8 3 197 15 105 40 121 194 168 188 58 170 75 149 90 72 115 42 210 135 54 110 91 148 26 66 164 154 22 86 167 94 97 138 169 205 96 65 159 119 49 160 74 206 142 186 131 3 111 87 159 34 155 163 204 94 176 91 147 51 94 154 76 142 115 88 194 60 184 80 14 111 47 160 53 21 101
110 38 207 18 30 162 9 160 127 97 202 45 170 150 198 23 20 102 140 11 59 138 48 157 37 69 163 156 165 215 1 90 19 31 198 165 93 214 97 153 134 128 8 5 140 106 189 57 200 69 63 197 112 211 216 53 114 115 98 64 5 60 100 44 133 92 148 67 103 117 24 166 83 138 81 124 41 152 139 10 219 125 47 92 82 161 178 96 143 23 58 68 91 25 115 83 116 189 10 132 183 189 112 180 35 215 32 2 15 43 75 219
110 5 184 193 214 156 130 52 77 25 207 150 216 203 43 47 161 44 89 55 203 163 79 104 56 169 90 21 106 175 22 83 143 187 31 142 140 26 216 3 39 155 219 219 152 130 145 189 15 45 143 121 113 207 43 26 203 129 118 78 40 42 54 169 71 74 143 213 14 47 69 45 19 139 214 8 182 132 11 82 85 181 172 82 62 31 184 44 184 3 61 174 119 144 36 167 11 157 31 75 91 151 141 18 208 193 106 83 60 129 210 166
110 100 90 213 149 172 63 213 38 103 115 48 204 42 21 119 70 42 85 23 91 0 151 75 42 154 106 94 31 197 20 198 80 63 133 150 100 32 140 196 33 51 85 118 142 186 63 29 166 48 204 56 61 206 141 59 145 197 176 0 187 153 158 84 86 216 219 207 196 123 30 12 2 132 24 124 147 213 134 141 39 104 15 34 179 131 144 196 24 174 61 63 137 58 88 0 53 170 2 204 176 11 201 17 51 27 161 66 25 147 118 191
122 30 195 109 201 210 240 106 3 141 101 14 240 67 69 195 136 132 164 233 108 109 208 202 233 85 237 166 158 89 181 242 46 145 173 36 185 105 57 190 12 148 1 137 186 61 3 70 76 171 134 208 159 70 223 176 9 160 76 209 122 114 133 157 75 94 216 24 102 161 131 110 161 54 21 55 192 49 137 158 123 226 210 85 32 172 150 222 26 93 37 13 154 125 144 170 208 23 49 110 185 69 214 113 116 136 27 183 17 126 96 50 183 102 214 158 158 53 78 26 2 236 171 133
130 45 169 142 249 183 13 106 249 252 153 166 70 5 187 140 141 55 124 56 0 25 96 242 68 207 170 237 109 187 161 63 64 18 146 28 75 138 236 74 75 0 47 196 115 170 70 245 175 201 34 86 185 111 65 119 169 254 79 153 48 176 33 79 112 35 236 176 116 227 181 83 242 117 166 159 225 250 202 17 44 135 190 189 3 162 212 126 180 75 79 251 119 81 171 82 29 30 12 70 217 8 49 243 83 121 230 231 53 67 255 252 74 254 211 243 97 4 106 251 135 19 110 51 52 176 115 217 168 61 175 183
130 40 18 64 153 50 232 245 139 191 216 62 196 79 158 54 197 157 25 64 101 38 227 171 69 205 117 107 1 48 102 76 215 177 149 82 170 147 57 26 134 12 212 123 172 234 33 186 216 57 161 87 243 90 12 59 90 197 204 96 152 127 27 233 48 245 216 245 210 130 221 253 44 247 16 181 252 213 49 217 125 257 108 129 84 222 172 46 87 28 128 67 111 167 99 114 52 148 55 119 217 255 3 138 71 186 187 33 214 115 245 210 93 56 1 0 140 194 187 229 249 7 85 234 204 14 231 5 96 139 11 136
142 38 112 248 267 212 133 50 145 25 208 260 198 88 39 84 142 19 208 174 204 152 270 11 261 75 13 143 130 191 198 165 215 22 151 193 135 264 137 160 115 238 212 276 184 177 150 245 161 266 171 119 120 34 73 238 2 96 187 185 280 216 264 0 71 13 148 243 170 83 147 127 250 191 7 268 78 116 122 205 142 204 268 41 223 203 52 224 161 29 230 251 272 217 114 207 131 248 200 236 142 59 96 213 270 12 158 211 74 22 109 11 233 124 201 272 115 152 150 68 249 120 183 206 113 157 181 82 7 179 152 131 265 186 203 256 242 229 14 22 257 58 270 139
142 4 86 148 117 272 241 264 61 164 73 1 81 14 191 48 236 106 11 204 37 253 195 150 252 49 227 183 78 60 207 279 0 150 87 102 130 229 250 116 200 1 107 99 125 255 195 43 279 155 257 249 187 138 130 99 79 218 75 153 18 174 55 90 186 222 248 176 98 197 279 135 54 159 274 132 282 108 238 63 133 268 87 201 45 4 127 94 193 241 27 147 74 166 82 67 159 184 276 210 151 113 145 104 244 46 237 112 142 76 178 151 142 87 170 183 107 129 180 216 1 119 251 58 156 216 64 12 28 178 17 47 79 7 193 30 88 125 124 4 48 250 174 38
146 95 174 253 46 173 77 191 168 288 125 262 262 28 85 187 236 235 120 168 22 101 133 102 192 150 272 69 182 65 186 195 123 139 157 173 288 23 96 222 196 176 225 112 124 142 250 208 143 10 117 168 69 257 253 179 183 235 173 128 90 112 119 188 127 157 83 210 129 157 254 52 182 120 24 214 171 74 17 38 127 130 201 8 31 19 261 150 173 209 112 115 270 156 268 210 153 15 240 22 82 104 227 244 43 183 183 159 222 285 283 145 282 148 155 267 82 179 172 206 28 124 199 152 262 54 287 192 140 28 123 131 101 11 24 181 242 198 8 4 121 44 96 241 289 60 103 283
150 134 50 138 67 109 66 295 110 198 229 149 98 59 118 167 138 135 203 166 290 13 65 199 198 166 2 42 132 198 258 71 294 221 34 20 48 172 293 79 244 177 285 165 181 89 193 202 295 248 92 241 296 27 109 8 8 198 210 77 102 191 251 184 110 163 171 219 89 89 45 295 9 266 280 248 27 128 222 193 10 66 239 216 39 101 93 63 184 73 295 10 13 192 125 63 126 139 147 252 230 150 164 275 89 221 55 187 161 82 11 221 30 36 78 78 16 159 12 286 108 28 40 284 209 256 115 210 209 56 193 161 88 292 298 64 288 7 113 65 201 117 141 113 90 6 112 144 262 56 195 134
162 144 111 60 40 253 279 94 174 39 99 63 114 188 1 34 155 210 99 223 274 90 68 169 78 82 67 160 171 227 139 9 312 312 209 280 150 180 294 127 221 57 202 280 52 238 197 107 255 230 299 61 163 25 179 315 171 112 110 66 202 25 37 105 301 208 249 90 50 128 262 75 165 157 189 183 118 220 91 99 260 97 68 153 284 247 86 146 152 261 316 207 306 43 111 39 182 81 123 301 232 205 228 309 106 122 75 79 85 295 196 38 43 125 247 115 49 209 55 271 158 249 304 5 322 7 27 137 150 175 265 277 270 240 290 235 141 105 16 20 237 57 161 218 319 300 91 87 53 312 302 310 156 310 257 286 137 178 285 66 0 147 217 286
170 109 254 331 317 65 187 180 103 267 281 110 63 300 338 36 57 235 103 187 75 225 141 192 92 197 207 256 89 139 72 104 231 22 11 228 153 277 4 128 10 136 330 33 325 105 140 186 139 337 9 254 338 10 225 82 320 37 240 125 77 296 318 250 119 332 6 220 207 297 90 133 308 292 84 190 339 298 254 130 31 23 66 212 85 19 247 275 319 82 11 316 262 297 4 83 248 203 216 2 121 25 205 46 255 54 219 176 229 313 336 274 323 282 77 166 273 181 120 104 238 239 35 116 145 265 135 156 169 187 79 33 237 325 141 170 118 1 329 317 249 286 139 79 155 61 267 250 5 264 222 13 310 286 149 116 45 144 161 301 133 52 76 7 0 134 179 177 152 210 65 136
170 45 339 282 124 302 174 178 322 72 39 96 292 314 257 51 132 166 115 275 47 217 273 175 33 34 193 279 102 281 3 268 322 217 187 113 23 215 181 254 255 122 291 321 185 85 88 153 150 310 147 332 4 129 230 210 109 19 181 167 226 258 262 176 114 16 154 109 199 102 307 146 169 40 293 242 332 100 52 102 266 173 291 27 252 103 249 181 82 246 204 276 16 329 213 132 137 141 198 40 176 112 127 27 66 63 93 136 132 192 94 30 116 238 109 80 84 58 164 141 243 337 294 6 324 192 11 118 156 43 91 9 108 25 73 321 101 62 48 244 226 91 222 316 52 252 250 331 286 155 100 268 205 296 44 29 14 146 136 189 232 311 8 246 85 57 236 201 38 127 139 298
174 54 18 35 81 60 126 110 63 245 33 89 154 258 106 296 116 331 268 78 21 249 288 123 62 66 45 89 90 272 321 61 336 263 222 35 147 99 7 285 297 154 281 314 345 260 53 173 238 343 168 301 91 155 35 67 99 143 142 315 253 75 182 107 1 147 95 333 34 297 152 125 36 346 123 233 340 217 18 208 84 10 64 34 21 188 136 52 237 220 103 28 156 250 289 48 180 187 215 278 112 47 229 279 223 92 282 66 240 63 312 321 20 126 344 117 284 14 297 205 138 226 226 44 66 217 111 111 156 262 51 89 261 145 88 1 210 57 182 258 139 249 177 90 10 246 4 114 211 119 9 129 25 91 2 85 171 63 103 156 275 330 262 170 224 141 156 101 41 136 250 126 196 28 322 69
174 135 166 220 284 239 62 281 19 160 244 250 273 283 44 326 72 293 256 123 197 307 333 154 151 343 343 264 28 302 60 215 164 277 219 203 162 22 55 39 197 81 86 295 284 100 37 180 241 10 13 290 154 187 261 212 222 220 58 17 282 94 222 344 194 324 74 20 307 151 303 238 41 226 164 271 117 271 315 247 286 134 196 171 243 340 285 230 116 148 145 23 89 204 269 263 37 84 135 124 32 62 107 312 274 203 250 121 228 342 49 103 180 230 335 116 97 175 225 25 297 42 325 334 256 75 147 126 343 118 275 229 292 42 55 106 255 128 280 195 317 164 313 228 94 74 35 190 163 76 83 316 344 284 102 293 284 64 238 140 166 227 275 159 23 23 121 20 115 156 5 101 181 202 327 296
178 145 351 169 86 63 170 334 186 338 213 265 75 338 210 298 270 306 311 173 249 259 90 74 247 331 150 256 306 3 147 291 234 300 280 104 129 16 189 254 216 24 212 120 192 262 26 121 186 6 123 277 116 312 321 77 220 318 161 244 100 216 252 180 80 352 318 270 76 159 86 73 124 40 101 254 136 62 94 11 65 333 112 271 321 234 98 289 88 45 296 166 110 62 245 334 28 311 214 262 146 282 215 134 337 12 79 240 127 270 331 129 98 272 158 28 28 138 20 0 5 301 230 42 305 140 92 345 243 282 74 342 327 343 341 138 109 329 349 45 34 28 262 247 68 75 115 69 142 303 335 245 333 253 280 327 347 230 95 50 277 255 201 216 50 76 271 17 258 35 207 187 125 174 156 104 1 264 241 64
178 169 271 49 254 170 170 199 8 100 322 120 52 126 261 191 233 183 290 354 107 275 256 340 107 265 24 219 12 258 351 286 109 49 32 167 205 286 327 189 22 307 26 257 73 231 315 54 309 64 341 326 161 116 142 181 238 82 171 264 63 309 210 265 161 131 345 238 234 153 257 54 24 296 105 126 287 54 74 227 106 88 25 185 339 289 23 314 217 224 355 225 95 54 7 81 156 63 17 221 58 111 320 149 134 326 119 129 106 183 55 54 92 15 8 173 284 58 66 98 184 249 343 107 194 187 183 25 253 106 315 143 76 247 319 301 79 58 31 33 262 46 84 123 301 157 74 69 126 93 105 242 62 0 171 255 341 5 305 42 300 248 204 28 138 172 185 198 342 333 128 326 83 298 353 147 303 90 206 325
178 150 255 88 79 293 18 259 81 211 278 193 235 95 288 52 7 129 119 30 12 12 34 313 115 311 128 335 190 204 83 51 88 60 285 106 317 164 179 153 354 33 298 95 271 312 200 59 335 236 199 43 333 208 237 164 114 297 93 39 176 126 83 73 177 275 178 72 147 140 88 13 227 292 205 296 3 180 41 96 39 219 228 62 244 198 73 100 273 9 32 320 310 340 14 81 117 202 208 122 58 339 4 222 225 100 201 210 204 46 78 230 223 232 164 192 250 325 49 216 244 281 34 111 331 173 54 303 179 324 248 263 274 323 233 20 59 44 325 285 148 266 354 119 301 217 179 43 13 186 317 119 165 348 307 274 283 337 32 142 128 311 55 50 322 69 123 17 148 250 335 309 15 198 120 23 127 237 177 106
182 177 143 285 308 95 134 45 28 139 279 279 294 245 107 118 181 127 172 346 275 233 299 333 112 245 231 329 103 17 363 49 286 357 52 69 300 28 19 31 11 89 49 67 287 174 212 339 45 46 319 191 40 254 253 183 217 242 206 215 266 143 12 129 74 195 276 234 44 263 202 317 79 107 86 54 10 214 194 190 236 334 67 76 247 40 256 133 292 238 215 274 146 346 348 208 49 77 336 13 225 68 313 107 361 205 293 258 194 109 325 236 249 58 146 40 103 94 357 16 266 51 333 259 362 161 116 44 11 28 20 41 278 247 7 322 329 129 158 126 299 116 146 6 3 5 44 234 125 300 137 281 285 0 51 94 338 305 72 42 93 283 282 239 176 149 97 121 285 330 260 144 57 197 260 334 59 281 304 116 268 353 49 281
186 65 357 120 254 214 195 285 29 93 319 114 119 35 13 349 184 370 318 132 63 142 340 361 106 50 328 234 275 277 63 76 257 65 92 114 211 19 33 87 180 123 217 301 348 363 343 77 57 141 322 21 271 205 198 291 70 351 294 83 254 76 314 330 166 323 330 99 108 59 267 288 209 222 96 72 350 124 146 60 360 73 14 122 276 333 165 146 243 142 324 365 203 368 90 350 108 218 291 227 97 335 350 317 341 119 248 363 232 18 112 224 227 139 363 256 184 337 293 131 3 271 235 254 253 122 317 84 233 318 35 37 277 17 273 4 368 204 325 342 80 220 100 250 238 53 60 218 304 108 319 92 132 18 239 106 288 163 335 34 148 154 284 237 273 368 343 178 184 300 260 257 119 87 119 106 138 116 137 70 185 308 357 176 238 133 368 117
190 65 36 345 158 16 316 248 341 113 155 111 325 107 127 62 78 374 49 228 67 63 219 308 252 205 235 110 371 232 24 2 358 179 139 219 87 17 212 172 358 299 211 10 238 15 87 257 282 242 139 317 120 369 110 93 79 328 197 33 241 164 287 103 131 231 350 55 85 173 93 289 6 261 101 246 358 58 13 58 262 4 237 202 364 281 11 221 71 135 168 150 121 259 92 59 8 158 223 128 354 259 201 226 307 346 55 209 253 193 67 11 58 227 94 326 183 367 83 132 329 80 61 6 307 320 98 143 300 327 166 164 230 62 339 225 320 134 205 84 76 122 365 242 221 228 26 231 46 370 61 282 118 269 293 203 339 107 274 306 182 90 158 304 1 326 167 289 346 125 179 238 344 164 358 132 98 239 109 237 305 202 284 205 201 3 200 366 216 158 300 118
194 140 36 118 261 91 75 232 281 86 387 363 130 332 313 110 149 258 308 59 177 74 310 306 300 95 179 75 123 97 194 216 256 163 269 292 294 222 45 353 357 95 386 187 167 201 120 4 67 128 139 32 257 143 136 380 283 282 358 48 373 92 331 14 47 161 179 277 10 33 372 257 264 66 164 174 35 346 89 357 262 282 371 375 36 372 270 275 289 80 120 375 205 246 317 358 4 78 158 15 359 328 98 29 154 111 15 13 201 44 333 312 217 140 193 169 320 21 248 7 312 266 364 106 379 362 383 193 43 349 9 11 21 76 298 256 116 167 374 357 246 52 236 125 241 138 69 315 223 28 141 274 4 158 47 119 230 377 168 69 68 177 132 337 121 245 120 311 381 317 162 160 132 191 226 268 0 270 90 146 112 298 144 198 1 9 344 275 339 238 62 341 322 44 161 305
202 170 95 152 116 253 332 73 289 23 12 224 297 381 100 190 55 73 184 367 310 324 211 170 131 296 91 17 244 49 333 374 8 20 180 267 42 399 306 153 28 103 337 76 388 333 387 171 123 242 184 142 389 160 246 85 271 350 393 320 309 257 264 402 272 143 139 221 205 68 328 136 123 65 59 118 164 350 270 400 284 381 378 149 317 121 87 316 78 293 17 286 373 84 36 38 130 161 198 241 254 280 121 99 19 366 44 403 178 315 110 191 378 308 85 125 145 84 348 0 241 338 34 256 188 234 361 334 332 181 113 204 370 95 100 160 76 399 277 271 304 18 21 239 393 54 277 301 216 52 93 12 359 380 3 66 357 40 83 294 247 328 72 196 196 363 388 1 257 366 291 190 139 198 278 274 231 387 148 181 157 319 134 39 396 162 200 226 393 206 233 236 90 14 34 25 268 296 283 197 67 139 85 303
202 79 260 285 293 88 159 357 151 171 395 209 152 37 168 254 85 343 138 1 277 152 388 303 281 138 395 371 389 239 95 133 183 253 98 234 105 113 165 174 143 339 375 158 288 232 354 314 88 107 150 239 126 394 256 81 163 168 234 104 92 136 383 300 301 29 138 39 0 16 46 257 241 130 194 366 273 259 347 377 137 7 263 229 252 323 181 37 211 392 19 213 199 83 202 192 283 211 189 249 126 335 122 167 257 59 207 384 343 61 362 315 63 124 103 256 246 397 346 207 132 8 293 56 213 87 23 196 318 210 64 330 174 282 358 172 196 275 8 130 265 385 64 166 31 249 32 337 363 342 163 299 96 351 106 84 272 159 40 166 45 207 243 268 403 224 53 76 36 32 222 301 256 274 355 234 221 141 52 314 220 146 252 385 38 86 99 117 116 346 74 346 218 81 278 273 89 199 387 94 159 336 58 34
202 63 120 210 100 49 343 191 150 400 274 291 373 64 136 80 380 82 336 32 263 83 284 340 35 345 238 49 314 205 155 51 31 195 206 289 187 233 135 354 55 115 300 69 212 401 396 315 154 272 269 179 76 393 286 68 135 81 5 153 54 228 89 24 338 8 162 337 151 356 380 134 352 41 169 139 101 361 179 397 305 129 121 162 94 139 175 209 185 104 231 310 7 379 34 397 307 105 51 5 243 343 379 245 165 387 275 248 87 78 314 242 51 220 384 41 134 383 286 354 338 279 328 348 377 107 69 273 146 195 223 122 104 150 161 394 328 168 50 313 102 376 131 31 271 277 288 235 385 276 24 222 42 56 142 106 395 271 23 339 193 256 234 353 38 64 120 187 325 381 251 390 25 41 336 309 354 285 32 153 385 373 140 116 52 374 84 101 131 348 230 107 160 284 236 294 390 164 217 39 100 183 76 59
206 165 358 291 304 169 270 76 107 199 60 279 304 61 105 142 271 395 212 36 261 120 166 170 400 25 283 265 20 196 112 378 231 227 184 72 45 204 288 291 91 187 377 32 63 246 162 17 120 291 169 90 405 303 183 144 135 292 248 394 169 57 118 142 34 253 260 266 13 31 180 332 82 96 373 87 371 120 90 139 169 254 201 264 167 293 70 6 202 49 303 265 55 280 115 190 133 106 203 190 82 280 295 64 50 86 119 106 383 143 114 191 92 29 72 146 131 14 308 201 245 276 104 258 225 333 233 322 327 390 44 62 237 264 256 57 127 142 223 237 149 115 48 201 399 110 14 224 268 242 81 75 82 406 59 167 17 269 308 378 323 255 279 111 55 303 130 284 258 78 282 189 61 278 377 236 304 333 291 167 283 258 323 373 383 201 183 200 90 197 239 94 280 268 204 150 356 128 130 367 407 332 84 23 177 71 330 361
206 89 208 392 271 114 201 268 187 230 248 240 285 129 377 154 343 266 307 268 296 61 172 165 65 165 113 234 149 167 52 170 266 139 363 348 44 52 149 195 42 16 190 59 72 325 183 206 247 172 8 389 76 375 81 104 251 127 330 145 357 107 264 184 196 365 90 281 189 202 407 25 50 379 147 87 227 99 188 314 82 182 293 309 163 204 32 42 196 301 63 345 144 209 315 140 329 18 61 227 152 409 55 366 91 162 147 332 195 29 399 383 361 375 221 2 290 67 200 109 238 401 6 94 64 252 170 164 339 146 137 87 25 262 219 280 368 59 59 202 238 268 246 295 120 201 121 78 266 346 44 269 370 379 86 21 213 321 201 159 101 156 362 181 4 348 212 351 278 256 257 211 338 82 81 281 51 184 74 394 86 348 103 400 110 204 312 69 179 292 246 218 183 384 343 35 51 185 283 341 382 142 145 43 36 405 361 5
206 110 215 64 141 154 116 321 239 345 300 252 51 211 230 270 289 390 284 156 103 102 389 20 382 359 161 1 103 250 335 311 217 346 218 246 337 389 30 384 111 112 235 169 387 224 334 77 57 32 34 341 150 261 138 31 358 74 227 313 147 103 389 129 38 272 108 275 191 213 26 233 264 115 132 44 379 113 95 146 50 359 148 159 228 117 1 301 400 385 287 312 326 140 291 208 375 28 60 302 385 141 259 27 302 201 237 326 285 35 183 291 9 341 390 364 337 198 290 287 214 295 87 327 180 132 85 32 143 329 371 393 21 380 308 304 20 14 49 187 365 82 271 309 410 263 397 232 337 384 74 383 45 246 281 324 267 104 199 11 259 7 157 384 82 49 166 101 166 357 296 86 57 327 316 235 124 322 75 28 199 19 97 124 297 187 307 213 207 396 46 83 19 76 194 258 381 71 232 21 150 91 386 149 405 144 210 266
210 196 267 411 361 276 25 361 188 128 234 227 66 372 237 140 214 224 52 312 372 369 298 70 166 224 274 353 13 96 277 245 45 111 182 113 77 238 131 63 376 70 314 237 201 347 348 268 376 64 122 295 381 416 64 189 104 107 64 354 57 316 112 109 222 335 386 264 355 316 48 169 276 336 197 32 239 197 11 74 17 141 232 216 203 378 378 111 182 280 310 227 371 192 370 327 166 182 209 61 27 301 166 199 47 341 51 144 178 411 104 82 70 306 212 44 262 133 70 2 7 5 89 214 152 285 85 264 355 169 377 313 311 188 28 331 263 6 139 320 63 137 169 12 87 347 343 173 83 53 185 50 94 106 142 269 280 52 50 260 367 87 27 387 123 277 63 277 188 285 373 120 219 53 63 197 74 52 137 69 322 50 320 401 386 367 76 372 322 78 221 49 388 134 230 416 125 153 51 257 259 68 334 299 151 190 353 89 207 7 117 408
214 188 421 241 129 4 74 82 118 264 351 94 79 321 383 398 115 249 235 131 237 108 57 353 209 43 146 332 258 391 386 420 102 421 102 134 289 219 97 288 366 414 259 58 196 347 307 275 359 84 14 115 152 254 3 97 320 235 316 401 383 409 273 119 228 44 193 290 123 150 325 197 259 279 127 178 88 375 62 195 292 381 133 155 126 94 345 347 163 347 404 96 412 412 30 20 230 246 177 292 357 40 1 215 376 398 266 23 262 106 207 232 39 408 77 293 93 174 181 199 139 28 358 302 5 6 125 165 309 144 302 350 340 37 26 392 237 313 238 118 269 335 229 67 189 348 418 100 395 168 386 231 73 223 365 43 283 372 309 323 391 352 190 282 286 301 292 257 77 264 191 140 163 164 374 373 301 28 104 337 57 155 71 69 404 400 380 29 13 91 356 332 43 163 214 56 87 57 232 309 174 252 40 392 330 37 121 258 88 14 319 54 8 403 81 164
218 15 208 217 388 76 345 39 242 351 382 361 281 367 97 186 223 302 397 133 107 405 81 408 53 179 195 393 49 417 319 302 229 31 160 198 258 153 4 170 353 211 65 427 140 391 400 409 225 199 50 347 68 180 316 71 186 349 21 427 425 369 201 294 399 14 347 145 284 432 426 46 287 68 306 120 288 271 435 230 305 371 97 422 152 382 419 164 116 39 250 313 301 193 201 174 268 253 21 277 222 362 133 172 250 369 136 191 409 15 95 339 85 97 170 84 371 241 191 117 377 45 219 92 276 290 72 354 54 133 362 217 94 321 273 31 172 53 242 131 268 139 55 97 114 99 18 311 139 422 422 414 148 204 338 323 403 231 237 72 167 370 224 370 354 319 120 98 15 274 420 301 101 420 385 245 157 114 395 34 233 406 268 198 55 391 85 210 252 316 63 29 265 164 76 87 38 127 328 167 400 151 263 318 347 241 431 223 274 166 65 222 51 218 324 412 186 262 267 35
222 30 406 399 2 73 155 13 7 289 362 220 309 94 188 27 124 288 143 60 121 98 389 303 130 395 430 160 228 233 106 290 111 127 249 356 440 15 259 345 133 314 347 156 178 192 172 150 90 310 390 431 417 208 199 268 370 434 123 128 373 117 241 281 422 68 48 49 146 66 121 437 241 259 246 110 205 194 409 194 112 25 121 414 277 434 165 194 271 61 169 376 109 40 170 26 210 419 63 34 408 378 209 216 272 350 147 109 209 69 173 389 301 194 74 270 417 135 299 338 164 77 404 351 381 106 181 402 348 83 327 337 338 235 54 382 68 382 417 436 292 47 15 389 90 273 133 178 332 267 164 403 227 335 312 112 425 104 407 394 37 386 53 114 79 130 390 336 309 31 304 155 108 59 249 295 17 423 183 189 311 361 160 324 267 323 67 304 263 223 24 274 324 41 89 244 127 264 261 365 50 112 356 369 174 284 353 359 129 174 94 48 102 326 319 90 90 318 276 10 422 52 292 69
222 88 133 2 44 57 189 430 305 304 109 384 322 176 77 125 93 120 198 232 211 424 182 308 405 269 379 418 176 385 85 58 438 344 124 203 74 328 330 122 136 148 342 301 36 23 30 124 430 14 283 292 236 189 279 200 438 76 364 233 398 175 186 116 132 440 298 175 311 172 442 365 210 301 343 26 18 317 250 408 155 378 225 332 329 136 172 409 350 79 49 414 241 352 264 2 441 211 387 229 219 38 301 75 109 367 268 98 397 253 341 225 171 205 10 69 62 191 92 26 11 138 258 212 427 15 94 288 62 88 335 364 385 266 81 49 82 304 349 278 34 91 189 331 41 314 352 383 27 315 331 261 82 373 163 348 2 181 356 313 378 422 202 42 324 383 273 68 311 434 439 378 55 374 160 94 432 233 292 195 322 108 432 13 300 196 363 84 380 175 177 430 390 100 12 201 167 73 164 419 430 280 39 272 280 258 415 123 95 134 182 302 268 382 262 29 309 333 221 157 33 63 16 408
226 47 260 269 110 121 301 259 271 111 349 167 422 401 232 441 353 419 349 124 103 296 282 371 346 39 380 208 38 247 169 150 227 14 233 342 292 382 360 393 435 331 24 0 399 403 381 282 388 114 6 123 340 351 84 380 418 272 194 340 272 206 39 351 400 349 315 114 198 198 417 317 354 321 196 31 344 411 186 180 29 299 240 398 93 183 157 229 179 258 315 295 340 57 314 315 445 244 122 414 11 211 388 330 235 400 396 323 271 95 301 205 320 77 445 430 398 120 415 242 420 372 413 444 18 353 232 129 21 235 196 35 50 291 312 373 12 13 379 284 52 269 338 439 396 318 41 270 424 185 369 409 133 209 248 102 63 119 381 376 254 411 413 323 364 137 104 358 376 22 401 280 35 94 241 30 8 389 90 105 372 153 311 316 165 423 106 403 359 120 366 364 154 320 264 379 432 11 260 239 311 130 48 438 451 277 269 8 186 24 207 66 317 419 429 23 291 105 112 143 266 361 54 112 219 356 406 430
238 29 443 227 429 42 93 86 265 1 171 82 324 195 151 421 61 195 296 92 59 195 30 304 121 200 335 378 288 3 85 160 305 39 211 158 50 24 101 297 157 252 158 81 351 457 6 143 238 372 98 446 471 217 93 21 437 400 275 291 195 147 356 238 344 54 365 319 230 162 69 394 46 375 119 382 343 92 292 273 125 81 440 435 280 314 116 270 11 184 111 404 410 289 379 449 45 312 85 445 274 248 234 201 456 117 345 382 138 385 284 198 331 426 242 246 365 145 26 191 429 241 342 356 83 225 0 364 220 101 454 284 292 325 315 73 389 62 350 14 407 249 203 354 338 355 462 444 194 130 345 221 282 225 127 162 58 216 408 188 253 191 202 448 470 188 343 356 59 320 291 150 454 13 323 285 41 4 394 21 97 37 127 127 356 53 399 345 457 169 441 147 429 448 69 397 151 271 146 248 10 315 141 162 206 204 3 302 333 13 393 411 25 265 23 225 1 246 32 66 234 322 115 76 363 379 14 95 15 120 295 25 103 215 82 292 321 94 131 347
246 208 89 480 205 260 288 371 159 408 206 163 129 464 421 179 167 101 74 329 356 195 277 148 284 419 2 225 372 336 62 423 33 406 404 103 299 82 22 230 411 284 231 425 433 86 351 84 125 381 63 354 283 361 83 205 185 436 406 320 79 278 95 205 32 488 165 133 87 164 241 467 301 104 125 465 280 83 135 20 361 392 62 230 217 401 460 165 50 103 445 411 172 270 294 219 190 270 484 215 47 469 98 184 12 344 475 186 426 89 397 339 13 358 288 413 261 304 331 40 118 115 110 458 191 30 42 77 319 57 426 38 482 485 184 418 400 287 178 451 420 368 84 372 474 252 280 406 198 183 340 318 30 1 78 250 44 52 363 366 91 60 457 98 137 335 339 304 484 74 159 47 274 294 325 345 344 419 133 204 376 329 82 469 333 17 394 489 382 360 460 429 26 337 111 43 411 282 94 162 117 253 170 395 315 367 85 377 175 218 20 171 237 296 462 87 469 87 9 69 292 369 98 191 453 157 48 400 313 58 449 19 394 74 135 389 431 233 54 487 147 236 39 242 425 147 311 286
250 207 478 178 195 246 237 13 160 194 30 223 377 230 82 193 332 53 91 98 15 314 182 383 149 269 137 236 85 80 335 441 361 177 51 431 233 206 126 75 98 218 339 383 302 225 455 55 405 27 76 319 496 255 248 95 312 192 121 238 323 232 364 492 403 445 424 4 424 259 263 241 453 236 197 64 190 374 6 39 400 77 213 291 457 304 223 194 354 167 382 494 453 247 226 364 484 418 200 22 144 473 186 341 350 284 303 29 489 470 418 207 134 4 10 458 473 57 126 343 155 139 56 101 303 193 101 355 438 231 58 4 381 0 65 162 388 426 297 254 432 337 489 493 160 474 391 414 130 478 44 366 483 294 4 132 266 158 401 375 64 491 349 312 391 231 219 248 112 287 120 322 368 33 377 205 281 111 315 179 23 88 205 231 141 22 92 365 398 339 77 409 455 306 399 26 425 409 308 184 405 68 376 303 33 301 337 468 30 272 303 359 192 498 402 454 299 314 235 30 213 59 385 260 70 149 137 225 10 81 153 236 47 478 34 263 446 195 295 350 413 149 274 98 489 361 482 318 87 50 43 45
250 239 358 137 436 17 272 372 397 55 352 387 125 436 359 412 379 390 356 91 43 177 43 217 407 232 91 42 181 493 466 456 204 468 195 329 462 215 115 238 187 439 85 358 470 423 45 326 259 237 136 491 97 309 352 440 227 304 0 247 406 412 395 89 121 29 480 195 48 378 60 281 418 464 235 400 43 393 467 170 32 176 443 199 193 55 369 357 268 138 225 288 373 328 14 35 82 441 260 395 198 133 222 54 498 221 94 368 275 223 261 468 319 67 435 195 90 19 286 281 272 130 480 290 467 389 302 175 494 80 295 43 335 484 229 135 310 61 18 285 29 129 141 8 457 202 261 113 142 244 71 52 304 322 146 209 166 49 82 427 200 13 139 487 468 416 113 257 93 125 256 345 161 112 258 209 132 169 101 211 152 246 242 161 496 405 403 408 194 32 217 91 232 343 96 489 361 275 134 292 323 399 290 267 334 388 329 51 81 250 24 204 23 22 367 52 49 363 490 309 160 301 71 467 480 375 467 262 156 140 373 172 359 197 175 2 220 68 290 228 388 420 14 262 52 363 233 191 444 177 425 67
254 84 322 327 505 113 74 438 425 497 382 199 220 432 62 175 475 175 498 214 179 197 388 108 304 250 243 151 174 186 414 148 14 118 232 207 447 53 97 58 350 35 75 18 60 100 72 411 366 391 300 180 81 140 160 399 357 282 80 77 479 268 304 269 34 304 138 431 136 399 435 92 153 434 80 122 202 118 62 201 279 12 402 68 146 151 357 274 459 176 179 400 486 28 67 42 307 393 198 166 234 271 247 227 493 71 394 425 302 125 227 495 84 386 327 11 44 220 431 148 72 143 270 208 94 196 445 81 134 104 455 89 315 485 438 158 336 369 280 444 433 210 117 255 47 30 236 177 248 317 450 125 71 114 76 144 69 458 365 471 85 68 53 167 246 169 165 474 180 370 415 450 432 145 435 351 3 411 216 396 498 402 142 188 106 50 321 165 287 379 473 436 316 353 321 64 274 119 143 393 281 269 471 359 111 314 167 411 108 276 97 323 297 447 173 171 251 189 450 460 195 190 23 168 322 14 9 315 344 280 354 205 420 241 47 364 212 346 385 4 25 254 381 498 327 103 293 426 436 362 143 65 412 329 130 98
258 185 344 83 121 77 449 261 166 35 237 432 27 348 318 403 365 326 370 387 204 41 67 483 180 161 102 74 306 315 283 231 455 156 126 210 447 188 312 452 95 264 217 190 483 229 427 391 332 188 94 258 390 100 362 324 480 163 454 273 33 182 221 38 122 7 5 150 384 173 74 3 464 339 315 471 262 43 118 427 209 190 328 255 279 316 230 222 473 383 512 28 386 155 309 40 246 370 152 225 332 36 16 382 427 17 165 498 194 30 298 413 156 73 381 390 156 435 211 505 71 173 258 380 13 375 237 362 256 9 118 163 453 33 388 239 391 199 21 275 340 456 143 73 309 50 422 44 494 418 426 37 414 373 384 212 466 127 6 62 366 237 69 173 152 95 110 365 275 318 387 50 184 150 403 457 225 68 415 166 380 42 147 302 462 497 168 462 503 404 186 60 125 56 437 329 258 73 224 472 291 42 76 477 276 267 27 57 329 385 346 495 476 439 249 449 35 26 188 510 140 53 219 27 258 149 326 27 163 151 95 428 394 199 409 277 190 486 11 112 446 204 312 419 87 97 261 395 419 192 346 442 509 373 180 440 195 484 276 471
262 62 335 435 70 99 153 4 57 221 349 406 46 173 152 491 46 473 22 241 98 367 106 188 3 56 88 514 23 93 382 413 276 122 220 302 50 444 305 89 508 468 494 97 46 461 307 304 227 285 346 61 269 88 78 274 161 7 150 388 7 25 313 382 154 318 174 419 251 522 212 455 495 296 178 199 241 395 421 227 212 305 102 478 392 372 153 340 242 486 385 180 254 203 103 347 516 237 13 170 27 296 396 141 315 472 263 426 356 282 137 490 305 465 291 1 266 489 517 273 72 460 408 330 286 422 7 10 431 248 406 241 90 339 366 251 70 79 365 73 517 187 392 58 337 359 166 211 92 451 100 95 258 324 233 212 471 423 302 373 255 192 49 174 47 407 443 523 185 504 363 440 422 491 243 523 444 4 386 465 84 54 146 46 369 222 134 16 513 182 287 101 216 167 192 126 74 72 187 34 201 326 74 14 258 478 334 53 202 222 104 97 371 56 126 46 449 390 156 49 77 33 300 430 342 119 498 288 406 474 421 337 301 255 366 263 462 414 135 321 510 68 82 471 69 421 179 506 237 96 90 421 166 231 289 472 255 404 64 121 417 423 396 162
266 162 416 455 516 464 34 97 15 270 72 501 190 165 343 144 162 406 2 51 329 324 123 183 285 41 195 354 159 23 344 521 138 39 373 254 180 371 354 471 46 129 87 193 359 506 479 249 143 91 320 509 91 509 111 40 429 475 173 133 71 148 321 71 174 121 30 199 355 61 341 293 445 388 365 473 133 271 120 82 52 207 78 213 191 329 465 460 366 180 429 355 211 405 367 426 304 55 316 329 261 61 483 174 446 205 32 415 67 88 324 215 363 48 299 317 48 429 400 44 33 78 84 137 262 122 404 188 292 95 494 358 99 8 155 383 454 281 372 316 314 504 440 77 313 373 521 68 10 121 346 511 222 283 475 171 522 522 242 423 440 210 6 465 478 402 524 161 502 307 284 4 63 514 168 288 338 1 465 522 20 91 340 252 27 28 357 339 146 419 89 80 139 212 355 381 326 206 372 466 328 159 329 189 502 484 483 99 21 208 205 125 36 490 336 26 272 57 208 34 513 99 62 100 70 212 70 404 428 93 463 229 467 439 125 502 101 364 247 372 380 191 36 412 414 342 219 45 23 404 380 283 467 61 427 385 100 290 425 178 204 46 339 324 348 135 143 290
270 68 52 483 41 321 342 293 26 41 198 379 366 317 49 346 175 283 369 36 417 254 124 132 19 201 107 120 190 213 529 132 276 504 100 374 470 166 430 402 314 24 151 78 364 428 342 194 285 119 450 399 259 534 216 438 176 302 482 233 339 14 253 181 71 61 287 433 457 378 69 147 503 307 48 220 486 155 332 99 63 397 121 381 201 17 308 54 464 497 467 73 398 536 333 174 123 66 295 155 138 530 309 3 171 191 130 51 146 300 182 245 385 271 398 367 392 478 30 503 518 341 496 297 404 25 76 162 273 405 333 74 205 118 250 383 125 135 23 353 473 5 28 460 340 98 511 369 22 452 436 45 352 457 237 537 97 92 4 334 526 504 364 246 302 494 347 313 233 339 474 476 69 67 59 93 185 184 226 33 268 144 154 447 162 183 496 401 174 58 469 440 402 56 8 8 68 47 40 308 143 509 239 311 138 162 294 228 325 452 354 89 492 196 39 229 528 89 208 320 521 303 77 131 133 385 395 335 395 67 400 54 135 305 465 467 284 388 360 22 149 306 133 238 337 309 19 525 30 212 514 300 162 199 278 79 176 167 534 486 202 19 502 470 194 28 511 283 454 103 63 426
270 88 293 532 110 85 29 452 533 367 318 341 68 257 108 410 285 459 335 357 423 374 12 33 201 511 392 332 361 66 413 479 222 210 351 86 194 218 157 4 438 344 260 438 148 103 143 476 3 143 8 404 46 263 115 133 60 318 536 400 97 447 259 32 215 53 282 142 283 418 143 400 85 295 511 361 474 387 282 168 121 496 213 187 271 101 260 283 484 275 516 356 277 537 539 215 453 530 529 311 43 454 502 297 5 323 466 344 249 511 374 337 537 147 303 462 212 385 189 443 65 429 374 379 528 233 115 283 323 388 302 283 134 316 167 445 114 455 164 473 464 40 449 269 45 396 215 54 463 370 97 67 253 400 395 394 500 2 139 249 263 283 47 393 289 285 524 391 157 481 418 392 202 100 191 430 419 533 453 450 437 168 351 442 255 470 500 427 526 13 38 6 311 94 497 471 278 500 262 214 59 45 282 372 234 89 532 127 335 141 357 265 419 205 520 47 89 534 151 332 151 337 47 186 283 184 493 31 119 193 440 436 409 368 529 321 12 133 112 349 147 372 326 16 306 471 402 411 219 393 324 216 432 284 25 380 486 512 438 511 409 148 266 343 78 402 499 62 16 515 166 318
270 265 227 135 377 1 373 86 31 26 506 180 519 105 34 20 439 299 106 62 236 244 56 379 517 60 42 61 515 294 24 452 118 18 335 363 8 33 341 0 185 11 300 62 111 58 428 513 38 481 291 503 144 450 223 325 411 393 251 426 449 315 103 521 333 538 94 120 405 80 253 174 427 151 429 308 254 163 447 539 260 466 455 84 97 443 306 84 289 40 414 266 383 499 56 291 34 110 364 96 340 508 169 100 211 54 266 64 532 202 246 533 66 383 10 179 99 239 173 501 258 58 250 511 251 358 297 156 8 122 441 40 251 298 57 502 313 306 232 394 342 445 17 233 506 200 385 304 392 345 480 168 412 370 170 376 523 140 123 268 140 376 272 490 206 498 39 369 276 377 370 190 146 225 472 314 415 97 363 113 258 202 427 201 110 196 403 58 302 278 74 443 74 265 101 346 52 511 107 371 473 236 294 321 209 475 246 122 38 238 125 172 447 501 435 482 319 311 189 437 30 208 262 34 303 471 509 240 288 347 172 432 252 110 269 119 106 25 59 493 22 494 164 382 166 204 465 378 78 5 536 104 63 227 315 441 286 80 352 125 86 231 27 388 381 308 432 437 196 345 364 440
270 134 406 303 367 291 370 99 60 223 522 500 153 167 467 478 117 82 295 241 148 468 189 155 371 285 481 4 496 293 94 272 337 54 172 71 228 8 331 524 217 508 397 298 390 59 284 188 251 110 303 53 186 238 177 465 159 7 283 453 436 364 256 54 212 469 418 333 375 463 436 306 421 447 2 431 492 87 111 246 132 194 240 519 526 20 327 254 57 413 529 225 355 310 421 63 192 108 193 49 157 209 54 484 235 420 327 35 117 284 480 172 238 384 175 145 13 221 410 219 392 86 54 52 69 428 127 263 44 243 385 145 424 236 4 11 475 171 96 527 465 105 121 139 193 16 23 48 54 347 366 346 64 347 407 311 421 169 176 46 361 122 323 332 436 332 43 492 232 463 149 336 522 357 154 143 243 357 256 365 302 59 100 105 373 372 323 479 443 276 539 45 422 517 84 113 320 493 259 93 312 451 161 64 157 9 387 58 54 78 507 101 177 275 148 183 505 470 477 204 504 12 179 162 338 529 74 385 504 399 82 25 237 292 167 205 527 301 108 102 505 211 184 97 249 176 33 214 94 183 384 362 438 474 437 22 93 184 171 117 204 208 301 515 1 291 410 24 104 79 323 250
274 113 67 455 353 454 384 354 469 330 265 184 9 55 527 419 442 21 355 453 421 360 537 534 421 470 36 37 83 2 169 116 262 318 56 149 38 332 477 151 468 276 489 509 86 457 430 368 38 327 211 300 106 58 367 279 467 73 439 522 123 356 412 200 260 241 437 500 119 439 318 5 63 15 480 546 32 115 119 547 169 60 234 483 67 321 314 398 167 311 516 105 16 194 339 56 332 25 418 258 487 484 59 424 431 128 354 505 101 281 405 192 268 534 499 415 110 36 198 73 460 151 340 403 297 444 240 155 269 113 137 501 96 221 497 276 23 99 518 513 136 353 55 16 219 460 437 198 83 394 290 40 334 292 321 357 59 419 500 519 393 446 546 369 425 208 106 477 416 20 533 219 48 123 404 35 491 268 83 117 476 435 528 304 108 198 124 137 20 167 360 423 486 496 368 472 264 185 472 506 12 401 501 290 403 177 47 346 108 307 222 441 388 381 229 459 291 450 512 296 292 202 385 157 77 233 199 94 492 154 102 387 255 29 313 278 470 280 191 413 245 515 125 3 319 27 159 486 255 2 139 309 289 294 55 252 454 94 7 280 14 14 90 122 262 169 517 41 204 270 138 80 129 272 44 136
274 222 154 401 180 460 205 410 429 541 281 57 493 163 140 132 282 433 31 501 296 227 29 220 224 422 21 165 137 61 373 171 454 143 46 219 48 496 253 401 434 525 239 10 31 78 103 152 302 107 233 80 393 14 165 412 301 271 109 48 214 401 280 65 545 259 321 136 375 222 451 378 124 92 84 431 45 426 329 161 155 519 363 540 431 533 223 230 286 209 292 43 512 342 66 77 405 91 458 137 344 358 146 288 279 189 54 215 411 19 440 92 202 467 228 481 187 387 187 139 375 121 408 82 5 69 14 6 369 369 440 241 354 271 528 184 524 155 51 532 379 179 285 229 350 491 399 365 403 48 97 60 106 94 272 317 24 59 294 273 206 0 82 516 146 397 138 317 389 447 429 531 74 285 380 99 306 377 407 62 416 445 444 525 237 540 450 74 318 355 123 418 457 444 514 536 264 47 65 141 360 213 132 14 512 189 546 267 114 365 460 514 181 170 126 407 306 178 541 96 350 545 234 507 466 9 111 76 146 240 487 519 435 486 271 419 137 278 127 513 386 187 51 82 511 435 279 224 509 399 62 49 393 524 374 258 272 371 525 124 171 447 492 265 359 498 138 293 406 288 532 535 202 54 420 535
278 149 411 428 156 87 332 165 493 266 87 494 452 466 374 33 267 363 41 182 179 514 222 482 27 1 128 320 470 348 72 494 211 150 392 283 182 465 483 109 131 487 537 487 512 358 231 44 419 93 136 232 551 85 183 299 392 55 536 437 227 472 540 546 319 4 305 417 27 489 343 180 222 311 109 114 302 281 214 446 405 278 432 91 213 361 78 265 554 155 485 207 232 390 199 175 71 86 274 504 311 33 122 377 394 432 416 15 162 446 70 257 474 179 126 268 420 199 486 458 554 149 344 43 39 289 185 216 425 303 474 289 372 442 49 448 328 226 232 149 304 426 223 436 360 35 194 213 446 456 67 146 102 216 2 476 201 211 463 52 424 114 487 507 277 228 467 12 227 379 530 152 225 156 372 379 68 324 264 395 243 392 60 78 527 5 59 153 391 220 39 150 510 387 246 546 333 169 109 236 434 90 110 499 2 304 294 511 193 291 432 291 324 338 86 272 78 127 73 358 463 116 41 289 521 546 469 477 523 270 39 238 508 548 258 112 535 32 162 309 46 429 138 532 386 547 223 504 343 178 532 223 490 255 210 127 349 265 11 539 25 45 222 131 295 89 300 472 246 277 57 23 459 97 122 69 256 287 294 192
286 43 216 177 454 176 349 399 33 517 412 519 537 51 148 433 445 249 111 566 222 47 434 387 4 165 414 89 187 25 484 176 526 272 530 86 59 48 463 541 232 300 131 217 481 114 442 514 125 161 47 156 219 437 434 81 339 3 110 116 189 180 350 522 478 99 241 149 21 462 538 332 68 532 553 156 265 249 409 474 287 473 109 421 16 463 269 451 517 364 42 148 569 19 468 432 267 568 465 454 5 263 196 399 283 498 415 274 31 474 480 68 102 480 4 214 568 551 401 285 533 533 417 445 69 6 90 333 437 442 115 88 236 219 481 439 556 16 326 346 570 334 413 354 472 24 411 251 185 482 486 357 324 210 188 48 274 542 184 190 271 147 62 314 541 479 53 460 475 195 88 462 402 227 52 436 207 224 363 127 93 397 176 125 3 406 334 410 222 495 541 185 177 384 522 233 344 423 352 464 268 123 393 54 157 353 65 527 261 448 71 562 366 464 493 158 306 298 455 117 148 177 94 71 482 117 206 378 257 399 416 502 489 120 297 494 400 102 498 534 207 247 125 334 304 312 314 425 163 377 511 522 380 320 299 429 514 121 464 25 341 433 229 64 513 199 409 353 240 423 273 533 266 541 373 179 274 391 339 514 299 516 329 399 445 120 423 535
290 157 568 80 429 316 179 125 16 328 197 337 48 442 83 220 97 278 223 577 13 235 249 565 132 370 20 440 550 526 450 304 561 22 467 224 415 356 173 360 168 275 282 50 219 100 431 277 10 511 448 463 528 428 86 446 281 372 41 342 537 259 527 219 422 572 513 551 257 569 469 223 187 237 498 350 234 427 183 36 509 233 393 156 215 387 162 88 473 244 170 207 197 477 389 551 178 560 436 390 123 386 237 520 509 134 360 341 411 34 571 225 344 456 197 297 228 498 298 468 278 246 21 179 8 270 359 167 211 258 538 240 255 537 440 303 295 83 346 191 578 309 251 31 332 263 348 248 429 226 449 475 38 166 273 518 223 366 309 360 558 35 88 124 471 338 384 106 549 113 75 50 26 364 155 277 63 153 98 340 297 424 573 296 468 142 201 37 343 75 455 219 28 262 579 289 31 484 41 533 82 168 308 381 127 141 566 176 202 380 383 501 543 457 64 375 43 324 147 207 73 461 410 515 155 304 78 18 339 314 151 332 527 228 498 452 500 220 516 68 462 270 404 254 38 212 569 305 474 84 409 270 430 260 331 60 66 356 87 264 382 124 155 143 138 393 25 133 109 196 169 18 487 161 463 147 517 297 325 562 77 290 66 122 108 265 315 577 128 573 378 249
294 73 96 535 317 143 386 328 164 442 88 516 195 511 567 94 424 220 421 5 459 508 537 92 459 1 122 565 420 247 23 325 542 78 336 423 160 323 551 291 461 455 65 400 60 486 455 53 504 211 77 78 110 459 346 5 57 98 193 532 556 234 288 391 20 327 398 456 480 228 248 581 164 163 587 242 116 256 27 403 31 248 103 250 266 318 235 296 550 34 331 102 454 430 543 120 489 568 139 187 326 216 6 208 467 237 553 220 213 353 470 122 169 545 218 317 579 138 59 516 471 518 340 374 492 428 145 360 329 348 24 402 431 467 456 352 320 72 174 479 293 117 183 404 217 2 406 320 76 384 453 451 172 284 4 271 16 134 574 137 132 153 198 390 308 403 471 581 120 522 396 232 331 322 87 356 72 449 579 357 164 259 252 514 317 526 388 470 372 393 249 556 533 426 455 348 498 495 254 118 323 279 450 425 83 165 156 192 223 493 518 495 56 566 587 127 175 198 352 50 349 124 275 342 450 494 96 584 275 557 334 552 68 306 283 422 159 445 134 245 163 81 503 263 273 280 223 121 88 179 95 572 221 105 20 133 346 495 420 536 35 289 487 256 397 536 496 554 150 145 415 513 407 570 524 571 172 535 479 81 262 47 274 224 483 193 34 75 159 358 211 357 516 421 83 114
294 267 248 207 132 110 143 221 483 208 246 335 166 132 110 450 191 58 123 551 298 435 337 63 129 246 500 541 299 433 453 304 71 546 292 94 5 375 130 134 308 104 317 157 175 235 115 490 242 414 515 412 122 451 211 93 315 545 467 412 447 176 163 219 51 568 177 160 27 214 27 137 269 281 58 31 539 455 422 311 541 303 147 262 15 344 324 534 508 138 275 346 450 360 514 221 570 551 413 146 412 438 430 545 469 574 190 121 28 51 381 20 540 339 208 427 282 326 53 562 476 557 559 478 415 132 576 536 261 483 467 11 93 258 343 410 396 172 351 34 230 338 167 282 293 417 502 514 420 534 201 303 272 75 40 431 283 29 530 212 549 198 283 580 349 384 177 477 479 247 371 500 78 64 520 389 363 382 96 227 219 84 417 191 4 549 160 400 300 79 265 472 578 477 438 72 89 495 543 282 219 435 186 16 129 100 217 6 100 368 65 31 39 284 380 9 343 99 399 186 249 458 130 123 167 414 20 137 208 153 19 436 16 210 71 176 49 44 5 361 410 296 402 442 41 224 324 425 30 562 167 209 105 347 257 60 402 425 475 317 95 518 563 331 395 304 47 184 507 180 365 173 372 70 416 352 141 518 426 252 544 462 547 517 256 267 314 467 424 366 268 9 559 325 310 508
298 130 560 590 182 280 313 268 115 301 335 558 363 211 511 546 173 559 458 274 577 395 575 65 128 114 48 202 203 387 352 475 337 41 4 81 453 161 280 421 54 581 396 402 407 558 238 536 489 194 365 280 301 278 345 571 219 160 142 499 503 198 307 172 363 9 365 19 66 206 76 348 431 311 405 396 199 42 364 464 316 444 45 583 383 340 365 102 241 165 139 514 182 12 566 447 274 285 435 48 52 574 521 309 531 347 93 562 87 227 11 15 220 4 560 135 302 542 364 193 3 282 571 140 497 449 338 89 478 546 492 407 57 93 26 274 485 122 390 390 411 107 392 9 471 60 430 533 90 113 365 70 585 86 426 132 237 190 404 168 334 115 552 450 382 34 103 89 267 394 482 44 442 46 374 496 414 462 498 91 484 547 522 309 531 0 418 479 30 225 280 473 162 277 321 249 106 119 557 302 150 510 549 343 20 544 525 421 328 558 198 179 137 576 103 77 405 51 541 66 143 156 71 591 44 147 154 49 441 460 361 93 153 299 294 360 587 150 410 260 321 159 62 113 70 465 376 482 138 585 151 67 150 70 294 348 563 407 102 494 142 404 50 154 426 259 474 175 467 137 230 247 271 484 263 172 571 424 195 379 524 345 141 267 197 466 397 560 482 1 443 573 233 559 415 285 80 139 99 328
306 38 595 442 519 296 205 402 572 143 593 322 9 353 216 274 291 524 525 136 191 460 458 229 103 120 457 371 69 425 375 518 81 443 260 333 169 505 30 433 21 497 565 184 31 413 113 590 313 116 291 167 222 142 401 268 120 27 69 122 336 385 103 373 141 322 201 205 226 3 358 172 133 391 7 257 510 146 502 242 248 168 331 180 603 542 41 379 591 39 216 397 209 311 138 470 456 415 304 91 248 208 190 115 211 482 392 572 33 224 487 27 553 500 230 609 282 16 301 93 299 373 414 1 347 591 339 328 205 359 291 146 559 154 535 74 17 315 106 136 423 184 571 124 339 350 487 137 51 36 404 81 18 73 382 280 285 13 273 352 240 398 549 553 542 324 32 560 364 401 209 464 245 299 504 505 246 474 218 143 487 242 456 295 49 570 287 102 263 320 72 65 217 93 369 38 441 367 192 590 325 110 283 21 404 414 86 324 343 201 331 345 95 18 407 429 111 131 371 449 499 205 417 65 455 194 196 94 204 281 464 252 246 49 411 39 256 493 575 295 334 242 382 368 98 573 8 206 317 201 497 454 406 502 263 569 177 345 588 26 204 445 380 492 569 235 556 605 316 591 541 374 191 466 261 302 170 226 113 242 328 536 532 206 498 505 491 213 227 332 532 516 345 467 277 279 213 44 107 534 565 296 367 530 567 334 82 32
306 91 225 308 408 6 540 270 111 1 253 192 10 110 108 354 116 581 350 397 116 75 336 419 217 357 536 46 317 244 250 13 344 126 3 198 301 190 609 561 340 509 559 62 530 2 467 437 332 285 38 260 42 135 585 226 267 337 45 539 539 373 391 19 577 454 335 8 8 50 137 530 595 58 231 20 0 407 428 577 351 488 142 407 186 55 250 59 339 399 179 412 317 297 245 503 66 208 223 145 437 183 31 255 471 600 27 141 433 589 22 67 16 170 290 406 412 496 182 95 240 202 116 519 164 278 560 537 289 552 10 157 481 330 464 204 478 329 493 17 561 125 119 76 349 71 55 40 176 540 421 214 575 271 23 345 323 572 60 203 454 531 217 99 384 563 273 361 266 242 296 11 555 392 389 247 66 179 478 577 207 588 506 319 478 246 273 96 56 474 343 225 157 216 193 481 542 108 567 34 556 567 320 592 194 57 206 36 90 443 599 226 559 342 176 4 483 178 237 164 271 405 492 527 74 609 95 190 80 493 539 284 15 235 210 302 19 525 312 206 166 27 459 334 388 540 191 475 462 363 339 234 503 26 31 169 500 599 472 470 557 104 292 319 32 140 385 31 460 43 223 194 557 214 427 462 343 115 244 44 533 175 288 473 552 277 196 282 600 393 139 117 296 216 347 76 521 500 153 159 345 311 223 602 445 240 277 497
310 3 447 244 87 286 304 203 25 482 364 118 135 451 319 90 606 334 436 615 330 164 431 532 173 159 227 517 64 577 407 484 123 165 233 246 369 266 269 528 231 577 38 532 100 73 235 491 577 4 363 325 114 162 255 600 42 9 568 88 483 250 577 252 4 270 125 53 232 498 262 329 614 357 316 523 600 436 137 165 126 147 200 552 482 383 359 488 107 267 231 435 610 357 272 510 81 481 580 376 384 174 213 186 588 482 384 166 308 274 504 98 92 538 25 319 33 450 598 589 3 34 390 346 318 569 569 19 291 30 150 323 116 222 367 205 267 426 34 210 297 427 45 588 495 463 180 524 224 248 514 156 39 122 422 175 377 539 433 543 35 321 557 419 50 504 556 593 466 186 448 599 249 599 90 455 14 257 252 196 199 526 351 207 292 133 4 493 545 256 391 577 335 312 284 135 214 524 489 617 150 573 506 294 123 172 337 356 304 75 218 566 328 574 84 7 351 511 279 32 572 426 458 282 19 330 253 28 403 408 404 118 7 469 352 43 520 18 3 70 607 91 211 371 258 302 599 111 90 562 213 110 554 159 58 431 491 196 266 537 591 583 593 494 596 212 271 558 275 163 255 606 192 248 259 502 105 105 152 539 189 57 566 195 197 446 87 447 78 371 181 575 538 523 45 95 197 100 98 473 409 400 11 78 581 422 480 288 32 154 286 299
310 12 598 455 322 353 486 25 4 207 538 222 497 365 28 65 426 272 256 532 390 477 173 191 409 177 149 374 9 30 15 589 249 295 552 30 147 168 435 565 535 130 257 373 167 32 92 534 101 324 39 326 418 76 171 377 283 415 243 615 363 205 204 364 12 271 228 177 496 19 213 5 218 380 218 57 429 349 595 547 119 520 331 364 74 348 576 514 437 395 618 413 310 24 311 113 591 487 441 414 17 75 174 368 493 416 35 521 100 187 361 275 188 495 419 302 371 473 566 32 193 341 209 29 39 592 612 493 606 355 369 188 528 470 342 204 250 220 175 48 168 276 582 89 49 1 556 174 248 60 71 284 144 210 306 13 59 503 336 56 245 360 407 36 70 262 311 41 159 248 520 52 485 242 617 459 102 337 121 541 174 430 351 251 144 156 462 357 90 558 478 128 599 397 478 271 296 29 75 291 42 22 230 560 532 290 272 555 237 88 613 538 599 285 462 7 70 254 520 181 587 400 524 481 8 44 537 75 392 557 476 367 277 162 302 21 81 87 80 422 148 258 487 460 233 4 437 319 92 559 519 389 104 213 589 285 44 246 397 458 472 284 297 496 96 100 31 492 455 475 483 62 332 435 239 503 437 537 509 211 158 169 567 605 519 420 519 215 550 187 614 361 244 615 400 563 30 378 556 435 240 552 348 24 227 186 329 519 188 54 354 592
314 21 393 12 528 66 440 344 100 362 602 462 240 533 288 60 227 511 575 150 255 565 2 308 19 505 52 588 343 533 84 306 292 482 624 277 562 550 337 607 445 291 402 558 210 486 373 504 251 187 421 366 385 105 502 273 122 29 166 503 612 526 80 591 586 622 477 399 533 326 280 510 278 472 218 543 370 564 257 146 354 136 407 444 277 177 152 103 2 111 271 168 25 413 333 572 585 173 357 295 101 193 286 580 285 481 40 243 58 339 172 327 610 318 484 223 372 38 476 558 227 350 272 435 267 419 239 71 17 417 8 250 72 363 511 172 44 77 344 352 27 541 123 600 152 454 627 457 75 137 422 625 169 364 587 538 571 227 224 227 30 309 415 378 112 398 113 19 189 184 428 598 25 425 121 162 40 270 4 82 57 343 472 282 464 14 455 618 439 555 487 592 162 1 455 179 207 97 412 161 218 495 431 402 369 612 417 84 203 599 440 130 406 172 281 523 264 509 10 28 140 248 33 52 174 393 143 238 234 61 575 478 114 504 436 329 89 427 147 175 534 8 229 13 406 476 194 240 515 349 369 523 472 526 481 53 377 102 182 141 80 413 402 574 128 567 498 412 38 432 312 236 248 356 37 78 401 144 422 261 255 363 338 425 491 497 274 196 390 476 225 547 8 281 555 189 569 173 294 486 249 376 461 435 277 290 167 297 310 80 506 324 342 390 495 573
330 265 238 453 69 602 385 290 628 71 342 59 361 47 536 598 254 627 549 460 656 442 545 480 219 348 97 314 415 25 348 647 431 382 418 4 87 288 236 608 112 444 263 651 360 134 291 463 389 556 605 341 584 310 628 124 551 475 221 268 561 380 589 186 350 42 249 43 261 77 616 200 78 178 369 282 657 378 406 153 90 355 623 606 409 337 454 395 523 354 442 197 147 477 499 627 462 189 299 529 321 322 189 541 546 337 521 496 626 426 244 412 115 457 476 449 620 333 236 571 310 266 228 329 32 323 101 27 238 617 392 132 267 11 197 477 358 29 128 529 1 460 119 439 584 198 36 610 538 99 575 613 391 423 100 55 513 643 190 396 274 471 293 35 117 226 189 543 229 105 560 219 402 647 324 146 192 3 610 184 72 553 34 325 329 70 54 561 264 83 383 231 157 342 7 253 546 57 353 48 371 552 319 550 272 201 279 650 152 53 398 13 155 174 370 193 659 491 505 335 290 114 637 62 33 204 270 651 95 476 301 475 380 340 204 631 509 262 553 564 325 284 360 550 484 652 477 124 536 17 137 132 404 183 157 564 317 557 461 541 370 187 106 54 414 283 87 453 618 452 63 23 207 294 561 659 265 458 584 226 8 34 535 413 273 228 450 152 94 526 571 382 21 169 110 597 497 602 170 365 339 222 121 110 463 538 301 258 117 593 547 571 453 58 631 147 200 128 286 89 250 444 218 616 609 575 224 292 478 652 137 439
330 327 42 654 313 460 361 155 469 583 14 427 538 348 8 46 565 159 540 637 448 397 601 212 561 198 0 563 357 651 542 134 127 424 94 15 642 636 351 424 396 421 188 582 96 145 222 478 410 109 135 242 404 656 27 492 560 487 346 426 36 84 564 631 78 443 618 430 635 291 608 156 260 338 258 392 484 166 119 235 14 413 186 35 566 554 404 253 153 642 443 71 265 331 38 315 199 503 109 449 235 235 475 256 132 78 604 207 305 444 564 146 64 383 5 222 479 80 113 576 307 625 408 263 125 52 257 659 568 273 253 560 392 263 358 191 216 155 262 393 439 130 431 526 496 235 115 420 623 96 220 187 234 89 122 163 625 293 513 223 150 545 172 73 338 283 461 431 623 39 139 73 146 490 107 658 268 46 80 29 420 550 132 396 311 72 284 279 118 443 551 497 239 484 622 25 653 447 332 473 297 311 156 405 401 481 427 249 190 278 385 289 201 358 50 163 215 162 210 191 273 433 658 651 124 195 226 95 523 452 67 550 16 368 301 80 399 54 598 287 313 376 489 3 479 269 43 44 82 566 427 143 164 381 568 460 161 484 380 624 125 468 509 75 183 241 367 95 240 83 651 320 291 656 547 145 83 38 569 604 312 545 483 195 379 4 326 126 246 195 406 40 514 479 421 136 542 129 568 163 340 466 381 529 142 303 6 334 367 131 291 153 444 379 295 539 333 285 409 395 162 339 428 84 633 636 406 25 171 329 110 64
330 203 307 454 544 353 625 238 38 595 100 412 274 572 588 141 606 437 371 220 523 485 115 372 334 264 328 340 17 196 216 74 569 1 110 350 250 152 643 234 506 589 457 578 207 74 431 149 258 338 156 428 620 303 485 605 163 429 127 237 425 612 488 291 50 37 39 273 493 135 395 265 137 61 418 462 135 215 140 298 361 199 268 409 120 315 446 194 364 27 97 216 422 294 104 473 308 499 212 536 538 297 562 511 2 121 289 593 39 581 429 264 348 209 426 615 171 577 18 35 315 19 247 307 377 19 215 477 26 638 181 323 349 515 238 218 326 469 615 66 156 139 560 413 541 177 128 181 100 285 172 408 570 607 152 18 487 104 579 532 595 176 235 588 7 142 177 440 625 422 633 630 153 595 397 450 71 202 30 148 389 228 326 611 457 607 121 596 161 139 495 412 102 481 354 532 451 168 485 363 258 26 607 326 122 155 59 552 623 377 307 414 314 591 60 81 551 584 160 612 36 46 438 137 327 45 516 540 230 659 555 361 228 493 506 120 160 273 109 344 169 595 89 18 216 510 140 384 232 477 599 656 561 279 296 464 264 293 592 116 317 525 63 77 298 632 97 135 177 56 351 28 537 0 428 169 143 439 233 219 404 301 197 366 341 198 208 247 604 139 510 232 409 6 531 99 315 630 532 110 338 71 318 210 588 574 563 559 158 498 262 228 94 600 35 535 257 370 395 154 108 474 278 264 398 335 353 29 41 279 286 440
334 329 563 627 253 316 565 530 510 413 636 142 195 624 664 5 493 644 161 506 375 661 282 323 119 400 16 95 156 72 230 14 356 261 490 391 522 324 24 405 75 326 372 583 394 430 288 151 604 390 555 204 47 147 443 214 222 176 248 6 369 297 37 97 584 57 517 69 253 265 95 373 379 315 283 146 155 122 553 51 432 258 340 397 272 293 604 591 528 164 533 559 254 246 229 473 430 463 83 583 382 284 126 195 287 202 161 178 501 17 127 105 503 661 150 665 538 592 510 292 432 367 242 607 288 278 264 425 189 413 201 41 180 25 144 252 278 566 478 486 537 658 435 78 72 312 211 536 62 430 618 379 439 19 611 77 465 209 349 149 68 198 373 538 31 179 285 284 556 343 645 565 240 396 58 449 596 403 410 143 647 624 167 181 236 163 540 393 337 15 343 154 76 377 500 113 59 454 607 283 232 556 143 274 657 498 417 562 438 194 344 191 460 651 169 128 576 132 221 495 201 491 509 624 418 476 67 340 382 155 20 53 512 181 375 67 546 612 515 423 141 77 362 154 1 500 651 371 363 538 72 404 412 240 292 17 176 352 243 394 220 596 291 309 528 53 194 5 342 651 665 126 289 268 547 392 224 181 534 557 58 492 265 281 583 322 361 122 497 666 409 356 414 43 547 455 277 54 86 387 194 634 316 7 589 581 580 471 313 365 94 203 452 131 68 243 63 21 194 220 181 99 29 39 409 344 5 119 379 314 296 346 120 562 287 289
338 247 281 288 618 507 611 374 436 370 114 422 317 637 610 386 467 245 292 434 157 99 255 160 178 396 509 462 275 38 509 172 587 560 160 414 91 509 638 98 633 33 495 554 541 108 337 409 535 447 367 670 176 312 619 410 196 102 145 545 417 140 370 622 305 568 78 277 336 252 17 484 156 61 602 19 481 229 258 261 540 669 291 410 355 16 610 635 52 107 596 318 24 346 307 13 54 494 490 403 142 541 359 549 250 523 415 60 235 406 291 122 485 607 397 305 417 633 273 481 11 317 61 305 255 168 214 85 406 115 643 259 316 447 238 668 78 237 135 458 383 279 317 148 615 223 177 334 656 636 254 195 79 299 127 318 621 503 150 291 51 623 343 104 34 38 234 8 614 292 219 525 269 170 78 208 398 562 613 512 480 205 16 568 463 306 548 485 448 535 20 670 596 136 423 595 212 192 42 484 396 56 356 428 660 24 15 300 631 23 674 311 390 113 191 395 430 75 442 550 645 280 409 537 612 654 427 603 7 294 143 549 268 115 329 423 181 432 12 420 573 541 136 189 49 354 387 587 545 667 356 55 656 273 617 125 411 201 659 559 461 575 179 348 197 175 418 495 243 554 526 324 129 190 613 70 654 580 315 613 481 419 10 539 183 449 33 93 56 220 173 12 660 611 207 226 416 523 339 271 557 114 369 289 361 409 247 162 116 119 599 317 478 599 499 156 592 658 246 29 672 233 160 611 657 351 2 504 607 438 221 418 3 322 227 535 219 568 199 130
338 303 285 605 422 339 565 508 503 645 102 274 455 100 525 62 598 335 602 102 225 639 367 305 369 566 125 482 636 430 65 609 500 398 658 296 395 473 386 175 631 656 11 233 16 553 211 601 434 384 473 295 464 664 224 261 250 294 216 336 231 583 296 206 374 573 95 289 526 485 264 575 340 124 251 287 358 619 404 93 19 28 309 212 182 218 336 124 276 328 258 513 283 215 249 413 548 408 390 64 470 206 432 34 605 606 429 76 11 551 5 537 609 481 502 420 570 326 549 429 91 406 612 258 178 400 3 674 336 442 628 520 330 35 638 28 201 278 399 638 113 267 131 63 156 550 461 267 405 338 142 80 430 626 3 3 649 480 587 176 353 307 142 573 597 441 617 528 597 396 451 190 340 26 466 536 79 373 423 595 256 543 470 400 357 216 332 200 174 344 461 580 657 265 22 619 298 83 239 530 177 543 454 498 522 134 604 600 291 307 654 496 658 237 159 571 292 389 448 388 579 363 651 153 428 105 356 89 463 256 396 417 318 522 151 392 656 101 618 655 437 398 544 390 87 569 513 334 196 561 541 481 592 290 97 310 459 107 500 293 331 611 136 300 403 481 598 505 514 471 577 139 471 523 275 215 522 449 236 58 256 633 87 94 274 546 484 395 487 294 376 531 173 650 417 27 120 300 377 638 430 186 61 348 273 675 265 209 188 564 237 564 641 329 493 307 259 27 241 53 257 333 176 456 509 229 636 236 173 246 292 230 113 339 104 590 369 6 485 527
342 102 301 31 476 97 498 665 682 314 12 545 2 142 319 299 300 585 237 191 236 267 160 309 100 645 376 585 327 342 587 444 536 307 498 41 90 48 579 187 127 185 616 656 291 177 455 12 183 20 654 247 32 164 595 266 484 326 318 110 546 599 82 455 365 94 129 186 446 211 361 517 361 676 412 367 503 469 594 36 127 1 463 589 367 323 669 465 60 374 606 123 613 103 205 640 349 4 75 513 672 106 353 604 68 115 177 495 677 111 153 24 330 641 271 599 301 410 327 386 442 602 398 651 417 605 140 629 29 499 681 561 664 463 207 321 278 646 446 252 573 333 474 404 454 160 95 224 511 676 110 517 676 115 526 368 354 371 119 605 352 375 131 94 153 453 156 153 541 508 417 520 594 462 211 213 351 225 384 544 535 113 494 232 602 642 608 448 479 474 618 130 321 255 470 373 187 463 571 264 144 170 121 435 167 75 514 78 140 190 429 112 233 281 632 444 137 397 148 118 635 108 253 166 178 80 266 488 113 350 246 667 463 225 307 494 596 333 513 317 397 386 515 650 332 424 129 281 594 92 545 45 219 402 227 165 271 199 43 334 51 37 138 53 44 411 659 152 503 679 172 554 639 653 482 429 116 118 391 140 655 409 320 652 552 374 453 202 636 241 249 587 146 367 559 309 279 248 52 167 234 677 537 629 4 25 23 625 8 466 261 478 124 568 530 365 587 264 48 380 504 624 2 285 20 109 11 12 501 359 378 475 324 521 98 56 576 476 92 295 117 66 424 117
342 158 559 292 325 600 99 582 482 29 56 41 114 387 151 211 151 205 219 417 560 189 652 102 102 367 338 518 391 455 386 310 40 646 572 475 441 113 197 10 550 194 374 265 640 280 517 670 450 63 308 591 371 103 134 56 272 271 91 579 465 396 553 337 172 605 232 109 593 572 366 419 66 1 131 295 500 239 303 535 43 195 23 344 23 284 511 48 409 461 369 608 540 157 297 560 434 309 302 38 327 529 381 246 175 287 470 257 606 652 601 428 666 597 200 536 610 454 531 310 43 550 125 80 240 448 377 305 107 576 677 25 297 129 501 6 650 639 243 68 636 55 131 581 516 217 112 447 79 106 319 187 61 289 465 442 145 359 526 597 122 503 549 540 255 197 125 359 308 637 652 280 167 189 339 484 561 27 502 678 683 351 627 286 552 657 234 53 156 455 134 373 286 572 669 433 77 635 463 651 298 455 148 232 71 324 339 9 269 387 34 454 11 266 631 1 288 463 12 610 586 376 632 520 107 391 349 11 111 430 276 449 560 477 330 157 638 594 200 624 614 560 662 439 153 136 42 332 126 648 627 319 408 324 545 625 51 176 69 362 26 367 32 493 155 276 117 370 329 207 645 126 605 137 44 320 435 280 341 556 168 50 613 332 183 473 315 127 500 424 222 480 288 117 339 488 60 472 565 17 575 168 612 343 584 114 344 163 611 141 144 573 24 159 177 142 638 317 473 541 119 371 355 583 347 234 267 643 67 372 581 144 498 162 387 279 561 210 42 601 48 394 482 420
354 189 7 655 571 657 678 98 163 229 108 278 85 89 48 195 478 415 556 317 428 642 340 58 201 202 357 630 367 618 257 398 324 292 19 704 225 410 451 497 481 439 565 488 301 487 3 288 646 606 154 603 491 172 389 656 455 426 124 593 415 109 8 175 602 185 88 451 495 154 695 364 501 70 10 312 280 699 279 439 212 312 58 31 162 146 109 573 469 606 461 704 333 150 496 86 356 38 557 389 545 308 568 614 683 269 496 74 267 460 2 380 339 295 661 255 595 475 128 328 24 67 31 81 395 496 707 287 623 649 305 432 509 384 551 603 579 215 421 697 400 439 445 135 345 589 555 436 18 17 217 80 95 268 495 659 188 286 57 70 600 533 620 553 265 12 258 233 425 380 624 417 73 301 545 186 342 63 394 63 461 244 42 520 396 201 9 538 400 255 357 618 159 105 538 351 268 456 25 206 264 553 319 549 193 142 284 53 132 394 600 189 233 106 202 510 572 202 231 418 48 565 322 499 497 592 249 576 456 369 91 665 565 142 1 329 48 602 200 633 490 331 236 69 49 550 52 640 89 612 577 600 699 67 170 539 272 207 76 556 99 92 648 342 395 418 158 158 341 183 492 623 272 464 514 434 206 223 223 381 693 59 20 344 196 59 578 160 232 196 706 476 134 280 657 0 59 596 607 50 673 607 276 181 362 467 522 45 252 108 598 430 316 206 531 433 675 275 474 3 156 701 485 471 350 226 503 602 406 170 389 60 353 334 210 63 467 363 127 376 569 106 322 239 324 586 684 558 237 466 681 572 387 354 564 203
358 178 409 454 597 458 714 460 400 342 262 59 23 582 40 52 189 53 102 175 131 73 270 324 586 372 128 385 685 554 344 173 9 244 485 231 429 680 96 530 33 115 383 191 641 712 535 596 79 295 715 358 550 128 258 471 491 355 537 447 66 329 557 198 114 138 576 586 123 637 557 555 334 418 142 624 672 311 367 283 404 354 698 591 64 525 446 575 662 108 210 489 644 211 5 523 253 415 651 422 424 117 114 429 631 462 6 117 191 183 294 581 418 269 382 311 110 607 268 32 620 136 4 582 414 679 430 674 510 385 704 149 144 538 351 614 312 621 636 186 172 558 487 646 162 397 104 398 380 48 269 266 709 623 550 145 8 404 186 325 514 693 685 543 211 258 708 590 451 399 479 185 122 508 108 198 118 178 673 632 583 571 20 394 571 54 139 527 299 358 91 371 473 191 183 116 622 693 599 344 532 215 695 518 193 128 67 440 382 511 653 233 575 533 21 546 657 352 379 188 441 697 335 81 622 295 214 696 537 294 670 534 65 3 541 550 127 275 345 684 94 310 613 422 684 483 159 27 476 550 149 102 244 255 243 584 388 665 327 566 45 157 605 369 372 356 712 315 541 495 5 576 92 679 400 570 336 586 518 129 441 679 280 157 582 625 695 392 611 328 569 432 440 605 428 263 176 433 105 663 462 481 148 567 661 414 43 165 361 421 420 501 676 701 642 88 342 168 79 634 235 707 106 80 36 592 43 194 643 182 258 447 635 193 190 372 181 165 351 646 655 657 437 96 657 660 569 25 711 615 208 216 523 496 422 438 667 543 627 190
358 306 351 190 282 514 264 219 336 11 472 259 193 354 263 70 429 675 480 615 445 189 708 645 552 524 633 576 660 243 648 668 294 638 482 110 334 378 695 234 564 223 474 424 288 570 165 167 651 26 405 223 171 220 120 690 386 8 270 401 55 608 712 529 455 93 539 21 269 595 282 100 412 473 621 470 52 219 327 137 526 634 145 286 82 553 311 640 435 349 417 158 545 221 221 344 276 477 36 21 102 146 204 670 663 29 624 641 533 212 241 545 500 713 679 663 485 675 37 257 491 538 691 567 49 656 567 567 32 212 530 497 579 99 29 452 367 69 100 183 280 567 159 259 84 27 610 491 327 41 385 617 710 321 281 359 129 323 207 440 313 158 582 681 20 320 626 23 361 669 362 56 597 603 235 231 229 24 450 638 105 643 584 229 423 20 191 696 457 3 407 643 624 623 592 617 63 617 300 596 264 447 86 90 263 557 570 179 399 222 453 605 711 30 6 171 197 548 153 147 239 592 691 368 24 77 303 593 491 121 593 445 241 67 695 385 264 181 16 212 107 323 523 274 89 405 605 374 174 656 180 237 591 81 266 672 535 715 378 81 309 324 639 365 154 335 186 493 581 650 74 681 255 431 627 685 706 401 303 193 582 207 105 190 241 633 322 684 653 542 103 36 182 358 175 454 607 219 561 365 530 390 713 258 45 613 76 557 434 300 337 75 367 382 373 178 364 332 83 94 439 623 540 622 139 676 374 320 559 31 666 206 659 180 166 327 184 654 594 106 267 45 683 113 514 287 137 53 245 699 339 572 555 620 347 102 617 99 433 63
370 338 692 340 90 404 535 604 237 450 196 376 591 609 563 237 113 75 92 484 16 20 392 8 663 381 611 56 651 577 477 660 133 702 669 105 276 152 217 699 471 359 597 555 133 233 164 137 299 709 116 717 85 63 325 425 209 302 140 36 446 82 619 556 237 635 213 688 566 438 85 362 378 224 661 422 27 186 415 249 605 336 418 655 642 283 286 176 137 6 55 438 455 531 117 412 24 677 46 617 642 556 339 678 323 52 205 223 309 106 306 334 554 55 21 412 14 722 36 206 280 690 121 353 616 310 482 76 563 199 379 255 265 217 219 665 655 728 556 83 289 134 462 211 408 455 566 622 97 345 45 513 7 31 3 74 431 403 458 596 22 219 297 607 519 302 75 665 208 629 50 652 250 276 174 271 16 161 371 103 692 69 227 536 288 120 690 486 207 216 726 675 360 418 7 610 187 52 200 312 145 697 668 388 735 80 410 621 728 416 375 208 144 653 581 30 187 200 616 646 262 556 498 372 419 93 214 355 700 667 604 250 28 199 634 156 393 203 703 157 731 37 228 669 672 708 144 458 261 50 591 407 560 284 710 366 506 420 283 581 714 322 381 60 378 417 602 105 264 134 67 405 310 2 84 268 51 55 92 531 375 206 400 642 222 514 264 172 40 675 707 376 472 516 169 159 573 321 318 314 686 48 387 125 69 257 677 58 290 324 79 437 382 294 295 598 487 190 523 651 145 311 9 508 703 75 237 184 37 551 576 126 381 57 539 735 149 720 248 87 410 721 502 221 617 58 167 684 121 55 340 531 561 6 172 200 463 655 219 322 576 384 205 32 37 185 163 100 542 701 123 669
374 324 550 536 706 42 79 449 664 306 481 724 9 314 730 743 49 228 199 444 16 382 443 511 162 267 662 284 142 485 80 316 238 62 445 492 572 124 602 293 199 513 379 131 301 702 64 296 71 659 242 334 628 546 603 67 194 83 636 621 446 319 681 534 712 274 513 103 6 210 276 220 384 483 129 31 377 480 541 297 296 671 598 207 212 0 541 727 100 282 68 468 713 67 668 546 196 461 216 28 424 272 688 119 620 277 513 258 122 647 15 171 582 399 452 530 406 211 476 208 638 108 419 54 534 362 277 331 220 152 256 228 712 345 210 268 146 127 4 400 566 175 280 358 472 403 120 423 462 376 63 120 116 227 487 586 235 288 137 183 294 417 622 135 219 190 163 51 88 161 54 223 266 488 160 427 625 259 637 448 542 380 560 50 619 269 347 552 113 152 504 547 222 21 388 276 219 453 457 512 34 533 348 55 35 506 678 432 1 336 297 236 161 140 68 84 541 727 289 639 685 647 580 638 659 208 353 624 46 217 743 90 679 89 155 407 692 420 632 554 520 697 481 369 530 245 15 196 545 626 411 210 178 416 607 656 216 126 258 458 697 633 331 655 5 121 230 426 338 102 410 114 634 661 396 110 671 416 573 580 671 741 189 384 614 510 32 621 44 251 704 423 249 714 666 535 499 28 50 626 343 44 653 356 113 310 270 70 706 549 243 164 42 670 249 262 104 379 740 109 324 583 603 372 699 2 563 493 656 154 338 581 203 721 298 135 445 40 376 344 121 641 396 497 433 149 105 720 587 260 576 391 280 13 426 213 51 114 143 266 684 588 161 655 712 142 353 275 622 341 154 626 100 525 439 565
378 171 677 437 478 468 426 630 328 199 212 17 346 36 123 442 80 383 365 67 583 358 429 419 168 54 271 68 454 211 623 131 578 15 445 619 410 316 527 723 78 687 419 403 99 0 399 367 186 508 166 452 5 87 627 451 505 564 179 81 706 218 713 52 439 136 388 661 587 144 752 646 711 724 689 168 198 282 35 286 274 529 433 123 623 616 641 138 195 396 338 315 301 129 112 145 490 204 90 101 688 118 685 36 579 528 68 314 702 632 496 319 532 674 503 419 424 489 411 319 99 285 453 647 124 156 710 610 375 726 131 252 306 467 342 410 29 158 466 254 386 441 277 362 223 619 508 477 472 496 420 533 317 508 475 656 380 301 179 84 541 540 54 370 728 573 367 598 215 576 532 658 695 665 533 36 701 331 323 321 711 729 411 349 89 744 163 728 68 587 69 424 22 561 638 465 439 502 635 104 223 575 445 542 475 466 39 180 720 131 131 575 253 493 225 540 551 724 362 86 28 192 504 639 446 615 403 482 200 367 213 653 591 596 467 433 237 73 449 456 297 61 203 215 308 75 250 486 741 112 602 676 482 643 67 250 145 164 260 617 310 547 721 275 97 697 455 399 604 138 711 719 58 615 709 685 2 243 254 193 653 261 634 566 698 269 475 337 346 63 180 603 323 333 500 571 446 128 532 218 704 346 628 31 690 157 427 532 385 736 651 335 618 642 4 666 58 76 418 81 151 78 457 9 684 310 233 434 501 93 673 67 175 273 100 702 737 571 688 205 488 689 316 279 57 720 458 610 361 333 344 665 298 174 172 155 563 115 401 650 303 472 161 524 57 498 286 180 560 182 695 527 542 223 682 651 314 0 279 326
382 83 431 670 219 388 460 155 569 176 750 40 515 391 567 254 503 287 453 201 175 428 635 492 516 83 624 30 381 670 217 754 745 441 596 273 52 250 169 523 701 243 599 167 317 332 211 552 152 55 675 539 309 306 85 63 447 519 589 233 606 196 552 508 126 676 238 670 719 111 98 419 689 75 125 597 122 68 99 586 503 325 419 751 46 6 755 756 241 97 150 533 76 222 591 176 131 226 653 276 547 704 461 176 635 388 613 33 400 56 391 1 360 330 171 510 487 757 512 20 680 92 215 177 72 425 252 471 465 297 531 423 555 388 683 609 261 692 757 249 746 90 146 753 138 470 422 342 465 726 52 37 495 586 598 512 593 417 617 495 749 758 737 44 741 456 445 488 333 374 80 383 742 309 400 491 51 563 94 757 353 726 503 580 656 385 389 160 621 338 159 636 118 350 508 17 377 286 367 754 632 439 584 155 527 475 492 589 750 687 401 632 161 568 634 542 61 318 325 272 194 207 25 443 751 234 466 180 464 189 552 74 366 112 153 608 170 741 519 490 332 582 184 583 547 664 389 302 749 681 574 339 242 669 608 192 544 573 418 749 60 572 574 465 31 338 743 40 228 609 116 618 323 44 235 612 186 591 462 264 606 530 26 435 364 615 93 704 559 478 663 299 244 530 146 272 585 252 675 24 329 567 27 750 542 118 706 455 85 14 242 476 611 486 757 356 65 88 163 304 277 204 48 41 565 680 346 164 602 651 246 62 16 472 167 9 269 269 328 55 430 137 418 522 658 45 753 58 600 3 367 89 269 260 332 369 329 549 24 31 265 85 54 354 108 256 235 490 758 119 247 295 532 681 87 490 588 70 151 325 351 101 499 264
394 10 431 344 323 91 647 185 636 395 132 59 77 754 674 381 755 512 761 477 5 371 543 569 397 483 337 333 37 546 442 48 355 751 442 371 319 495 777 745 254 70 635 162 660 781 454 781 524 621 43 520 482 461 439 764 664 196 621 295 624 12 447 688 179 420 83 551 627 502 687 347 451 213 55 496 235 402 354 274 315 306 376 169 500 582 524 428 699 280 564 260 140 409 162 552 196 527 547 656 244 236 11 86 348 242 630 209 229 191 639 665 256 777 39 558 381 645 293 271 266 65 244 395 638 415 486 780 533 728 225 672 666 245 737 373 725 70 663 590 433 765 677 735 94 309 413 662 598 231 343 662 122 41 96 390 485 144 7 334 715 716 734 687 588 593 562 219 692 191 263 254 673 759 161 240 441 20 598 701 159 557 128 756 477 730 147 95 191 264 335 395 453 739 272 657 259 761 347 94 557 251 675 283 40 571 369 617 669 116 737 213 612 673 445 626 178 109 458 453 453 579 701 238 79 689 673 55 475 596 525 166 715 353 666 445 349 563 504 302 363 245 700 464 514 699 726 618 730 71 481 347 513 759 550 558 19 244 208 384 222 711 696 417 38 40 129 334 65 47 135 588 772 520 102 361 328 472 175 314 49 471 102 386 513 646 425 617 108 23 406 182 520 567 29 252 555 381 674 580 638 440 115 141 567 579 416 190 204 183 327 771 784 372 351 748 428 542 489 543 245 455 281 404 544 334 659 347 29 409 776 611 103 438 303 123 610 726 521 592 62 426 379 292 302 131 491 289 429 672 488 615 583 114 86 664 64 232 7 7 668 233 304 683 604 375 693 640 241 180 218 391 759 393 782 683 103 728 721 20 644 711 89 78 424 258 417 752 144 210 515 525 543 2 21 629
394 261 567 708 696 557 271 743 222 305 597 753 744 619 125 63 552 108 178 197 21 696 127 673 499 623 727 124 260 685 744 515 751 689 28 486 366 105 252 657 483 594 436 406 159 2 195 264 479 203 775 544 760 271 774 673 654 547 403 384 314 220 261 638 175 72 487 606 483 211 740 560 588 703 368 417 515 565 750 662 212 174 459 405 44 89 514 69 619 666 251 108 650 225 583 361 563 332 598 586 403 614 67 442 519 513 143 426 19 32 687 663 360 290 280 203 503 780 454 330 594 395 533 30 684 630 259 136 261 590 784 475 428 215 361 719 408 83 74 675 602 283 314 63 29 390 182 551 204 6 698 732 454 7 522 279 216 14 162 30 197 278 1 727 698 268 50 727 374 334 377 55 572 42 101 348 260 86 285 243 680 331 104 45 130 163 780 635 695 197 62 605 626 256 270 165 617 504 184 225 452 237 302 742 343 560 204 4 725 727 754 58 270 270 530 641 181 281 254 251 350 91 206 326 412 292 455 475 112 239 315 618 462 627 331 272 304 703 10 767 625 42 50 459 207 632 495 778 501 236 622 656 679 79 39 21 160 29 455 754 516 188 397 423 192 710 448 223 668 743 34 751 154 570 774 550 10 764 506 105 753 557 590 304 733 157 154 399 785 422 265 400 465 680 157 116 267 247 237 475 743 731 246 579 240 479 689 107 148 206 226 613 334 542 325 707 573 610 216 695 408 690 301 553 590 498 422 653 69 48 34 700 276 339 3 776 565 599 228 742 506 89 275 354 510 768 432 478 43 308 438 774 174 707 183 675 330 335 144 131 411 186 166 42 693 279 19 149 706 207 380 476 355 758 126 40 478 765 529 768 540 148 726 680 700 406 20 531 624 71 571 590 268 484 575 330
406 385 561 636 121 290 234 277 609 432 611 332 393 176 750 603 689 102 797 11 183 390 550 247 612 30 771 215 566 127 427 582 83 461 530 362 115 168 78 266 1 294 659 500 661 747 71 90 716 58 455 287 304 13 194 191 413 179 554 268 370 232 721 330 787 45 556 658 254 299 364 158 510 345 641 614 785 518 310 583 671 629 21 208 615 327 588 707 307 429 188 332 513 488 256 611 728 549 56 770 135 798 754 191 33 281 625 561 463 269 350 433 425 206 168 177 429 642 722 166 570 500 644 781 541 44 807 183 285 290 374 626 593 232 83 96 793 486 545 276 83 191 564 339 535 359 102 451 741 164 117 178 513 734 299 142 597 35 595 373 701 361 122 25 124 655 707 35 806 26 293 239 238 29 780 227 678 148 576 294 522 412 117 659 128 168 89 132 199 722 494 763 650 180 272 492 34 73 775 627 146 420 22 698 182 533 226 332 233 117 661 159 400 92 468 290 695 8 587 261 597 52 29 312 737 549 312 276 434 323 568 755 75 344 253 432 325 507 483 743 173 79 331 529 179 443 554 484 239 618 429 247 268 575 617 2 145 9 158 28 148 326 714 431 631 619 117 483 426 174 240 682 678 703 100 118 739 708 655 589 503 706 347 488 381 225 57 24 658 619 153 36 793 382 739 704 371 305 467 379 493 412 310 215 133 563 508 76 808 777 247 163 641 73 481 274 656 174 444 81 600 648 346 141 2 139 714 266 529 203 671 764 307 374 752 476 473 444 766 571 253 29 197 632 501 365 261 179 746 438 351 76 234 639 564 304 581 69 738 475 413 121 107 642 743 167 776 211 160 680 486 282 172 415 162 632 635 229 391 261 224 31 206 378 288 35 340 661 158 272 6 20 252 234 456 438 346 294 116 102 121 706 175 260 133 264 37 719
