double 13 (0.93 1.99 6.13) (5.52 2.85 4.41) (4.51 3.9 6.04) (0.06 5.37 4.12) (9.59 3.48 9.03) (8.84 8.77 4.64) (1.97 7.02 9.35) (3.05 7.71 0.78) (8.44 8.69 0.59) (0.98 8.93 5.29) (8.21 1.95 9) (4.97 3.8 4.38) (3.89 1.66 1.57)
bool 16 (0 0 1) (1 1 0) (1 0 1) (0 0 1) (1 1 1) (0 1 1) (1 1 1) (1 1 0) (1 0 1) (1 1 1) (0 0 0) (1 0 0) (0 0 1) (1 0 0) (0 0 0) (1 0 1)
char 19 (q h r) (a i k) (b k d) (k s e) (m c n) (k l r) (n o m) (a h b) (s a b) (o r c) (b k n) (r e j) (l j a) (l q t) (j p f) (h i a) (h p m) (h d r) (c m o)
bool 19 (0 1 0) (1 1 1) (0 0 0) (1 0 1) (0 0 0) (0 1 1) (0 0 0) (1 0 1) (1 0 1) (1 1 0) (1 0 0) (0 0 1) (1 0 0) (1 1 0) (0 1 0) (0 0 0) (1 0 1) (0 0 0) (0 0 0)
char 22 (n n j) (c b m) (o f s) (r i o) (a l s) (k j e) (d k a) (d h i) (t s r) (r r j) (p d o) (o e e) (k f o) (q j l) (k n r) (e j t) (i k c) (d r k) (r h e) (e q r) (r k h) (e t l)
char 24 (a a a) (q g h) (q a s) (h q t) (q t g) (m s e) (h d f) (i q b) (l b a) (r k t) (c p d) (m r r) (o c g) (k q j) (q a q) (m n e) (o g k) (a e h) (r q j) (p j t) (t d h) (i c c) (c p s) (b q q)
double 24 (6.05 4.88 0.64) (6.21 8.7 4.08) (2.15 4.69 8.55) (3.57 7.38 9.31) (8.48 9.21 3.52) (0.19 7.13 6.65) (1.79 1.12 6.4) (1.82 3.08 4.9) (1.46 8.38 7.58) (7.13 3.79 9.91) (0.83 1.64 6.09) (8.97 2.31 0.63) (5.08 8.88 8.87) (1.74 3.92 6.77) (4.83 3.02 2.68) (0.56 6.21 7.4) (3.88 9.68 4.83) (3.27 9.29 5.1) (9.02 8.85 6.1) (8.81 7.83 2.35) (0.41 7.05 2.33) (8.64 1.28 7.49) (0.52 3.9 4.16) (5.62 2.82 0.3)
int 26 (45 98 50) (85 56 36) (40 98 26) (63 13 25) (57 24 55) (65 52 24) (78 22 7) (48 83 76) (39 15 65) (12 26 41) (71 38 30) (87 61 96) (13 57 4) (62 66 72) (29 22 11) (91 6 60) (31 4 78) (1 66 60) (27 80 55) (14 1 99) (25 15 41) (49 13 26) (51 32 1) (2 48 13) (25 22 64) (85 76 36)
int 28 (12 73 1) (29 70 53) (8 50 98) (32 15 23) (39 13 36) (23 70 33) (2 47 38) (49 14 18) (29 21 68) (55 49 64) (2 82 16) (63 93 46) (70 33 72) (77 9 30) (55 87 43) (46 79 20) (46 93 23) (37 68 98) (49 18 10) (7 25 24) (93 2 50) (82 98 72) (90 24 39) (99 70 18) (19 10 95) (44 6 66) (89 77 52) (85 20 41)
int 28 (15 4 85) (66 76 34) (43 17 7) (16 72 29) (74 23 62) (42 19 80) (88 53 24) (3 83 90) (76 79 83) (65 88 6) (72 89 85) (9 69 9) (86 49 9) (99 21 47) (79 81 62) (79 50 35) (9 40 57) (74 70 68) (51 33 55) (18 56 7) (47 94 86) (78 22 99) (57 92 76) (94 95 30) (9 63 14) (45 14 98) (43 83 86) (35 11 3)
int 29 (75 68 81) (65 73 11) (3 70 91) (81 7 50) (49 73 99) (42 29 11) (55 66 30) (63 54 51) (62 8 88) (23 46 69) (5 67 27) (52 52 26) (37 53 8) (86 55 29) (20 51 23) (34 11 31) (51 89 84) (80 64 24) (42 60 58) (77 31 67) (19 55 12) (92 98 5) (14 45 61) (1 25 38) (74 91 11) (43 29 73) (53 5 42) (34 7 37) (44 98 86)
bool 29 (0 0 1) (1 1 1) (0 1 1) (0 1 0) (1 0 1) (1 0 0) (0 0 1) (0 1 0) (0 0 0) (0 0 1) (1 0 1) (0 0 1) (1 1 1) (1 0 0) (1 0 1) (1 1 1) (1 1 1) (1 1 1) (1 1 1) (0 0 0) (1 0 0) (1 0 1) (0 1 0) (1 1 0) (1 0 1) (0 1 1) (0 0 1) (1 1 0) (0 0 1)
int 32 (75 78 27) (33 82 47) (16 13 93) (70 40 70) (19 41 30) (43 6 32) (46 11 17) (29 47 38) (71 40 99) (88 36 3) (86 75 45) (28 3 12) (37 17 41) (35 12 38) (20 7 61) (23 51 67) (76 62 91) (40 35 64) (80 2 3) (2 87 36) (40 58 45) (11 25 74) (52 94 29) (6 22 96) (64 87 26) (12 18 72) (17 55 4) (31 28 4) (2 84 47) (27 39 6) (73 15 68) (76 50 82)
double 32 (3.79 7.52 8.43) (4.75 1.55 4.52) (8.2 7.91 3.62) (1.3 7.29 8.86) (8.52 1.92 4.25) (9.03 8.14 6.04) (3.2 5.9 8.06) (0.21 7.71 9.76) (7.88 4.99 5.66) (1.56 3.48 5.58) (3.88 4.35 6.12) (1.76 1.32 9.32) (5.74 8.47 1.55) (4.24 6.33 1.54) (9.41 4.51 1.44) (4.01 2.44 9.69) (6.12 2.67 9.34) (3.83 9.91 6.2) (2.76 5.3 4.22) (1.51 5.13 6.7) (8.82 8.19 7.94) (5.1 1.8 0.3) (2.54 2.22 8.62) (8.44 1.91 1.61) (4.87 7.43 4.41) (6.38 4.19 1.71) (8.88 2.49 5.52) (2.54 6.56 7.26) (2.43 4.08 9.19) (0.22 1.33 1.67) (5.84 4.37 2.34) (9.69 6.68 3.6)
bool 33 (0 1 0) (0 0 1) (1 0 0) (1 1 0) (1 1 1) (0 1 0) (0 1 1) (1 0 1) (0 0 0) (0 1 1) (0 0 1) (1 1 1) (0 0 1) (1 0 1) (0 0 1) (1 0 1) (0 1 1) (1 1 0) (0 0 1) (0 1 1) (0 1 0) (0 0 1) (0 0 0) (1 1 0) (0 1 1) (1 1 0) (1 1 1) (0 1 1) (0 1 1) (0 1 1) (0 0 0) (1 0 0) (1 1 0)
bool 34 (1 0 0) (1 1 1) (0 1 1) (0 1 0) (0 0 0) (0 1 0) (1 1 0) (0 0 1) (1 0 1) (1 0 0) (1 0 0) (1 1 1) (1 0 0) (1 1 1) (1 1 0) (1 1 1) (1 0 1) (1 0 1) (1 1 1) (0 1 0) (0 0 1) (0 1 0) (1 1 1) (0 1 1) (0 0 1) (0 0 0) (0 1 0) (1 0 1) (1 1 1) (1 1 1) (1 0 1) (0 0 1) (1 1 0) (1 1 0)
bool 34 (0 1 1) (1 0 1) (0 1 0) (0 1 0) (1 1 1) (1 0 0) (1 0 0) (1 0 1) (0 0 1) (0 1 0) (0 1 0) (1 0 0) (1 0 0) (0 1 0) (1 0 1) (0 0 0) (1 1 1) (1 1 0) (1 1 1) (0 0 1) (1 1 0) (0 1 0) (1 1 1) (1 0 0) (0 1 1) (1 1 1) (0 0 1) (1 0 1) (1 1 0) (1 1 1) (1 1 0) (0 1 0) (0 1 1) (0 1 1)
double 35 (9.46 7.55 0.48) (3.31 8.38 3.45) (8.83 7.32 1.18) (4.83 6.76 1.48) (2.73 0.09 3.75) (9.66 6.51 3.63) (9.2 0.21 4.71) (6.61 7.92 3.48) (9.2 5.71 7.13) (1.09 4.67 3.13) (5.66 0.32 7.13) (1.47 2.61 5.3) (0.77 2.41 0.94) (3.1 7.84 3.81) (7.99 4.02 1.87) (6.61 8.42 1.5) (2.09 1.79 4.18) (5.25 8.79 9.62) (0.29 9.19 6.11) (7.89 4.12 6.83) (3.42 6.4 9.48) (3.52 2.69 1.14) (9.15 7.92 7.72) (1.39 2.76 7.72) (1.77 5.25 4.86) (6.73 6.8 5.12) (9.28 0.94 4.53) (1.47 6.74 2.48) (2.6 5.24 7.53) (3.93 1.03 6.06) (8.87 4.57 7.48) (2.75 5.62 0.35) (8.72 5.83 5.6) (1.02 0.45 4.66) (4.27 8.78 9.54)
char 36 (q m n) (c a k) (q j l) (n e p) (d q p) (i k i) (r d c) (l t m) (q f i) (k j m) (h m p) (j g i) (g k j) (a n h) (l t f) (l c r) (b b a) (q j b) (f s l) (q e g) (g g b) (q p d) (o o c) (j o c) (s f d) (n o p) (d p b) (s j d) (o o l) (c l j) (s q c) (c k p) (i e m) (o o j) (c f q) (d a f)
double 37 (5.08 9.95 6.04) (3.72 1.71 5.33) (8.76 8 4.18) (9.95 7.67 3.64) (1.1 2.5 2.42) (4.13 3.24 4.09) (6.35 9.11 9.4) (4.53 0.12 5.72) (2.52 2.02 4.81) (2.78 6.27 5.63) (8.44 0.42 6.21) (8.53 5.2 8.3) (6.14 1.86 6.31) (4.99 0.15 6.17) (7.47 9.87 8.1) (0.76 4.07 4.69) (8.37 9.02 9.78) (5.21 2.62 1.78) (0.8 7.15 2.76) (5.61 0.48 4.76) (4.6 5.29 5.89) (1.74 8.67 8.47) (5.73 5.75 7.71) (9.66 9.22 0.24) (8.34 2.24 8.63) (2.97 4.31 6.01) (3.32 5.71 8.93) (3.62 1.35 1.82) (6.35 7.45 3.55) (8.07 7.12 8.4) (3.83 5.48 2.23) (9.69 8.72 6.61) (0.32 3.32 2.71) (6.26 7.77 3.01) (3.11 2.59 7.64) (6.2 3.78 7.11) (3.3 2.31 6.47)
int 39 (71 39 34) (19 10 64) (28 78 36) (98 72 62) (82 2 58) (36 72 23) (9 44 79) (12 14 24) (92 14 3) (34 44 65) (77 79 30) (74 84 82) (76 82 12) (53 28 3) (18 71 28) (46 66 59) (57 37 22) (85 81 79) (44 21 22) (83 95 45) (72 82 97) (31 13 83) (63 2 5) (94 90 81) (61 5 11) (9 72 1) (10 3 31) (1 25 72) (83 91 26) (93 76 58) (71 25 71) (6 79 27) (98 93 97) (81 8 16) (98 72 97) (84 53 43) (90 87 23) (69 89 52) (19 45 22)
int 39 (67 82 66) (41 85 47) (71 84 52) (67 46 25) (1 74 35) (45 49 59) (48 70 83) (19 52 33) (62 17 29) (86 39 91) (25 45 5) (54 77 95) (85 79 75) (30 86 20) (56 76 74) (73 29 15) (59 1 46) (6 53 44) (37 73 8) (92 92 44) (99 37 91) (19 71 58) (38 51 22) (4 24 38) (70 66 9) (17 97 4) (2 53 14) (35 78 39) (73 92 21) (22 47 94) (20 63 41) (54 97 17) (46 49 90) (89 19 2) (85 65 46) (2 42 55) (75 77 24) (25 38 98) (12 51 39)
char 41 (p j i) (k j f) (a n p) (g p o) (h f s) (f j p) (f g d) (q b c) (a g f) (h t q) (d m o) (i a p) (t m r) (h q c) (k q j) (c r b) (c n g) (m m o) (b a l) (p s a) (j f g) (h r k) (g l k) (n f k) (s c e) (j h j) (t g t) (n i a) (b l c) (b h f) (d f q) (l g l) (a e d) (n a d) (q t g) (p r t) (a j o) (j p c) (n b f) (q c c) (r l f)
int 43 (41 14 42) (28 66 73) (8 85 6) (18 48 50) (14 49 61) (97 11 98) (11 5 83) (82 32 71) (56 24 96) (5 88 42) (9 37 26) (89 1 9) (39 50 40) (49 95 46) (33 89 71) (67 9 42) (19 86 89) (36 73 27) (56 77 99) (82 37 93) (40 85 72) (99 29 59) (10 28 97) (70 33 96) (45 74 18) (33 46 84) (14 71 8) (97 2 14) (92 29 46) (83 23 39) (73 18 83) (67 75 99) (90 23 72) (51 84 97) (18 57 81) (82 98 10) (44 4 72) (92 16 22) (83 54 79) (75 26 38) (1 82 47) (49 59 29) (3 10 77)
bool 43 (1 1 0) (0 0 1) (1 0 1) (1 0 1) (0 1 0) (1 0 1) (0 0 1) (1 0 1) (0 0 0) (1 0 0) (0 0 1) (0 0 0) (0 0 0) (1 1 1) (1 1 1) (0 1 0) (0 1 0) (0 0 0) (0 1 1) (0 0 0) (0 0 0) (0 0 1) (1 0 0) (0 1 0) (0 1 0) (1 1 1) (1 1 0) (1 1 0) (1 0 0) (1 1 1) (0 1 1) (0 0 0) (0 0 0) (0 0 0) (0 0 0) (1 1 1) (1 0 0) (0 1 0) (0 0 1) (1 1 1) (0 0 1) (1 0 0) (0 0 1)
double 43 (8.32 8.67 4.58) (3.87 4.65 7.24) (7.24 1.68 4.65) (3.6 3.8 0.59) (4.13 1.44 1.15) (7.51 5.58 7.75) (7.44 7.12 1.32) (2.12 4.38 8.8) (9.27 4.78 1.29) (4.73 5.06 8.12) (2.93 5.66 2.4) (9.41 7.12 0.52) (3.68 4.66 7.17) (2.99 4.92 2.16) (2.53 7.82 7.29) (3.59 9.17 8.61) (3.41 8.1 2.9) (6.08 5.87 7.13) (0.1 8.2 7.39) (8.17 1.29 3.1) (4.07 4.74 6.96) (1.71 8.04 9.51) (8.06 1.37 8.44) (7.35 6.19 3.62) (2.67 4.17 5.34) (7.43 7.71 1.89) (5.3 0.57 4.57) (2.16 4.54 7) (0.81 7.29 2.24) (1.09 1.8 9) (6.92 2.99 4.66) (9.56 2.18 0.92) (1.48 9.74 8.02) (7.41 0.65 2.3) (9.87 3.45 8.63) (3.09 3.76 0.24) (7.22 6.6 7.9) (8.98 3.77 1.08) (4.82 3.59 5.6) (2.11 3.61 9.45) (6.04 9.61 0.44) (0.34 3.48 8.78) (5.18 8.5 1.05)
int 45 (37 7 2) (79 60 1) (46 96 82) (87 31 55) (41 53 85) (77 83 28) (98 19 18) (43 90 53) (7 39 66) (14 76 36) (11 35 48) (89 6 22) (58 59 96) (66 1 37) (50 31 53) (48 37 70) (78 69 4) (99 22 40) (48 53 60) (64 22 27) (43 25 75) (9 33 28) (53 24 16) (98 42 91) (64 33 4) (43 47 63) (41 92 97) (94 22 27) (91 79 88) (78 79 32) (13 74 73) (61 77 33) (77 45 23) (14 99 9) (67 81 69) (43 94 75) (84 59 46) (3 24 1) (18 28 31) (25 60 72) (46 84 91) (70 28 84) (76 30 14) (8 31 32) (54 55 17)
double 45 (6.43 1.28 9.4) (2.84 2.39 3.86) (4.54 3.82 6.73) (3.89 5.73 5.31) (9.24 8.54 1) (7.35 3.44 0.69) (5.08 5.34 1.75) (0.69 7.19 4.18) (7.92 5.95 2.77) (4.2 5.67 5.16) (1.53 7.8 4.99) (3.5 1.04 8.02) (3.23 4.3 6.05) (4.5 9.51 7.39) (9.02 1.68 4.45) (0.97 0.61 7.92) (5.69 5.38 2.36) (8.6 4.48 1.64) (9.1 6.64 6.47) (3.65 1.09 6.95) (4.59 9.36 7.7) (4.96 3.62 6.04) (6.14 7.53 1.23) (9.3 2.54 7.66) (4.64 8.56 4.25) (7.09 9.69 9.17) (5.46 8.5 0.2) (1.8 9.93 1.43) (1.93 3.6 9.63) (1.2 5.39 4.31) (1.31 5.14 9.1) (1.7 2.66 5.23) (4.21 5.58 1.23) (9.45 5.99 9.02) (4.71 2.84 9.96) (8.36 7.27 9.76) (7.52 6.21 3.81) (7.9 6.95 9.87) (8.33 6.81 0.06) (2.9 6.75 8.62) (9.71 8.68 7.01) (5.81 6.41 4.44) (5.85 4.13 0.02) (1.42 1.62 8.53) (2.44 6.21 5.24)
char 46 (g n k) (k l l) (m m q) (c f p) (f j t) (l s f) (k p j) (j b b) (q c e) (t g p) (i f s) (f f e) (d c j) (m q r) (b s p) (h a s) (b c b) (n f i) (s a p) (c a j) (p q b) (n s f) (k c l) (m o f) (r g f) (f m b) (n a b) (c l l) (o n l) (b n l) (e l s) (m j r) (j j e) (f n g) (q p n) (t j s) (b g e) (t g q) (c h j) (s d n) (s i l) (a n b) (l m d) (n d j) (s r r) (a g h)
bool 48 (1 1 0) (0 1 1) (0 0 1) (0 1 1) (0 0 0) (1 0 0) (0 1 1) (0 1 1) (0 1 1) (1 0 0) (0 0 1) (0 0 1) (1 0 1) (0 1 0) (1 0 0) (1 0 0) (0 0 1) (1 1 0) (0 1 1) (0 1 0) (0 1 1) (0 1 0) (1 0 1) (0 0 0) (0 0 0) (1 1 0) (0 0 0) (0 1 1) (1 0 1) (1 1 0) (1 0 1) (1 0 0) (0 1 1) (0 1 1) (1 0 0) (0 0 0) (1 1 0) (1 0 1) (1 0 1) (1 1 1) (0 1 0) (0 0 0) (0 0 1) (0 1 1) (0 0 1) (0 0 1) (1 0 0) (0 1 0)
char 48 (m a k) (s m e) (l e k) (p r f) (q q t) (m s s) (h h k) (s g s) (f p j) (d o e) (h p i) (m t b) (p q k) (q l e) (p a t) (h l i) (t c l) (d k n) (g a j) (c k i) (h o p) (c j s) (o m s) (r s s) (b q b) (k n n) (n o l) (o s a) (k c o) (d m a) (q i j) (h i c) (n j c) (h l t) (j q j) (n e a) (g c l) (e s f) (g l q) (q i j) (j c n) (i e n) (n l j) (t d s) (i m h) (o g k) (m i e) (n p p)
char 51 (e k m) (p t r) (q f o) (r i r) (s i d) (k k d) (r l b) (j r f) (h q o) (l h m) (g s o) (b g r) (a h o) (m m m) (k f h) (f b s) (d d q) (c l n) (p b d) (s d r) (i j k) (l j g) (g n a) (d d g) (d i i) (c l a) (l g g) (p o b) (i e g) (f i l) (d c i) (d s k) (o f k) (b o q) (j i k) (i q q) (q e e) (n j t) (r k a) (c j h) (s i j) (h o c) (r j m) (e j o) (o d o) (d o j) (a h f) (i a f) (i m o) (s p t) (c e i)
char 51 (g s p) (f s d) (b p k) (d q n) (n k s) (s o c) (r k r) (p j m) (q q n) (o q q) (h i n) (n g s) (i o o) (i p q) (r g h) (m s f) (b l t) (n s h) (f l m) (b m i) (s e p) (a s b) (c p m) (o k j) (a t o) (k k b) (d f c) (p r e) (n h s) (j j k) (o e k) (o c b) (o k e) (i d r) (k c s) (r a n) (n l k) (e f o) (j q k) (n k g) (c t l) (p k b) (r t n) (f b a) (l n s) (m c q) (s o i) (e i e) (g i n) (g r t) (o l p)
int 51 (49 89 82) (27 26 14) (4 80 19) (14 47 23) (79 39 95) (8 34 80) (11 29 22) (50 44 67) (70 56 24) (18 53 87) (20 46 77) (78 34 28) (85 70 7) (73 15 94) (99 79 87) (51 67 86) (10 65 11) (24 61 80) (76 43 94) (59 28 99) (16 56 59) (89 28 64) (84 85 83) (61 34 7) (41 10 80) (22 83 75) (82 88 35) (95 51 5) (7 34 11) (76 84 43) (29 84 75) (16 97 21) (36 83 5) (94 74 35) (86 31 88) (55 56 90) (98 1 84) (37 70 79) (75 88 16) (64 57 85) (62 74 69) (62 42 71) (32 53 94) (6 58 70) (97 26 82) (62 96 94) (60 28 35) (35 91 83) (93 28 80) (96 92 85) (44 27 92)
char 52 (f a c) (c h o) (p i t) (i q q) (o j e) (e k e) (k t h) (l t l) (b m t) (e r f) (b s l) (a e k) (d m k) (r o a) (f h k) (g j b) (j k e) (a l f) (h a t) (c d j) (e s a) (d t o) (c c k) (h s r) (g s l) (l p e) (s l n) (j h m) (r h k) (s j d) (n j s) (b h s) (o n j) (l h r) (p k s) (f j k) (k t r) (p h s) (a n h) (l i d) (r o q) (f d m) (k f j) (b c o) (s c s) (r c e) (s q r) (r b e) (j d q) (c s o) (i n b) (i g r)
bool 52 (1 0 0) (1 0 1) (0 0 0) (0 1 0) (0 1 0) (0 0 0) (1 0 1) (0 1 0) (1 0 1) (1 0 0) (0 0 0) (0 0 0) (1 1 0) (0 1 0) (0 1 1) (0 0 0) (1 1 1) (0 1 1) (1 1 0) (0 0 1) (0 1 1) (1 0 1) (1 1 1) (1 0 1) (1 0 1) (0 1 1) (1 0 0) (0 1 1) (0 1 1) (1 1 0) (0 0 1) (0 1 0) (1 0 1) (1 0 0) (1 1 0) (1 0 1) (0 0 1) (0 0 0) (0 0 0) (0 0 1) (0 0 1) (1 1 0) (0 1 1) (0 1 1) (1 0 0) (0 1 0) (1 1 1) (0 0 0) (1 0 1) (1 1 0) (0 1 1) (0 0 0)
bool 52 (0 1 1) (1 0 0) (0 1 1) (0 1 1) (1 1 0) (0 0 1) (1 1 0) (1 1 1) (0 1 1) (0 1 1) (0 1 0) (1 0 1) (1 0 0) (1 1 0) (0 0 1) (0 1 1) (0 1 1) (1 1 1) (0 1 1) (1 1 0) (0 1 0) (0 0 1) (0 0 1) (1 1 1) (0 1 1) (1 0 0) (0 0 1) (1 0 1) (0 1 1) (0 1 1) (0 1 0) (0 1 0) (0 1 0) (0 1 1) (0 1 0) (0 0 0) (0 1 0) (1 0 0) (0 0 1) (1 1 1) (1 1 1) (0 0 1) (0 0 0) (1 0 0) (0 0 1) (0 0 1) (1 1 0) (1 1 1) (1 1 0) (0 1 0) (1 1 1) (0 0 0)
double 54 (1.59 7.96 1.23) (0.7 4.94 9.96) (7.08 4.8 3.32) (2.58 8.72 5.27) (2.08 7.9 4.4) (0.26 5.21 8.64) (1.7 5.91 1.07) (9.14 5.94 0.08) (8.87 9.33 7.68) (9.2 8.83 2.45) (3.16 6.03 3.07) (9.37 1.99 9.78) (9.93 2.78 6.93) (4.05 0.75 0.41) (7.49 8.67 9.55) (6.65 3.79 0.23) (7.84 8.04 7.68) (4.04 1.96 5.83) (6.46 0.44 3.45) (8.94 4.88 9.46) (8.97 2.34 4.64) (5.68 9.33 2.24) (6.48 4.66 3.61) (3.66 1.42 3.68) (4.57 3.23 4.71) (3.34 1.41 8.68) (1.6 8.89 8.67) (7.92 2.66 1.06) (3.98 2 9.11) (4.11 6.92 7.21) (2.93 5.2 0.47) (5.05 2.61 0.11) (9.76 0.29 4.86) (5.66 9.96 2.38) (3.32 1.45 8.84) (1.2 0.44 5.32) (7.87 8.61 6.84) (5.26 3.38 4.13) (9.84 0.16 9.85) (7.15 9.3 2.36) (3.98 0.31 7.28) (7.82 6.35 3.52) (3.06 6.33 0.05) (1.77 3.8 8.75) (1.27 4.73 6.45) (3.9 9.81 3.51) (7.36 5.7 6.26) (9.34 9.38 0.91) (2.65 4.01 5.02) (1.76 4.38 0.79) (8 7.87 8.88) (2.73 9 0.09) (6.45 9.6 6.32) (3.16 6.77 8.03)
int 56 (69 86 73) (11 74 62) (60 38 28) (9 10 7) (6 87 16) (2 5 9) (50 2 49) (51 71 31) (11 94 54) (95 81 79) (10 52 49) (80 12 91) (86 98 42) (68 51 57) (14 54 93) (87 15 92) (73 83 64) (52 60 65) (93 65 6) (24 62 59) (55 15 21) (90 71 58) (84 53 36) (46 39 50) (96 86 55) (94 47 73) (75 78 11) (53 79 54) (11 55 36) (9 91 42) (64 9 83) (14 25 24) (59 67 68) (53 72 94) (36 45 35) (45 36 1) (71 91 6) (74 57 99) (1 88 4) (17 15 52) (21 17 95) (53 21 92) (25 72 15) (44 35 68) (32 46 5) (95 73 32) (64 98 43) (50 31 16) (86 32 88) (7 94 83) (8 60 97) (84 9 78) (17 77 28) (91 40 47) (56 31 34) (20 24 64)
int 56 (47 73 66) (97 30 19) (36 98 24) (91 93 32) (24 78 37) (49 37 3) (32 96 98) (24 99 39) (49 46 83) (52 92 55) (3 45 70) (79 77 46) (7 40 99) (21 61 98) (27 77 65) (19 54 7) (22 71 72) (78 84 35) (82 55 85) (77 21 12) (2 21 97) (50 19 65) (88 10 39) (25 5 31) (68 37 38) (61 86 54) (15 76 70) (98 35 94) (3 33 88) (54 80 2) (69 56 18) (47 94 75) (29 54 32) (26 65 99) (23 28 10) (41 45 7) (11 79 50) (27 18 10) (6 24 36) (27 38 32) (17 85 27) (61 29 26) (25 72 46) (57 60 90) (94 38 20) (5 56 38) (50 18 94) (5 87 25) (46 86 56) (66 21 79) (50 54 62) (92 72 2) (32 72 49) (88 23 62) (88 61 83) (87 52 85)
bool 57 (0 0 0) (0 0 0) (1 0 0) (0 0 1) (1 0 1) (0 1 0) (1 0 0) (0 0 1) (0 0 1) (0 0 0) (1 0 1) (1 0 1) (0 1 1) (1 0 0) (0 0 0) (1 0 0) (1 0 0) (1 1 1) (1 0 0) (1 1 1) (1 1 0) (0 1 1) (0 0 0) (1 0 1) (0 0 0) (0 1 1) (1 0 1) (1 1 0) (1 1 1) (1 1 0) (1 0 0) (1 1 1) (1 1 1) (1 1 1) (0 0 0) (0 1 0) (0 1 0) (0 1 0) (1 1 1) (1 0 1) (0 0 1) (1 1 0) (1 0 1) (1 0 1) (0 0 1) (1 0 1) (1 1 0) (0 1 1) (1 1 0) (0 1 1) (0 0 1) (0 0 0) (1 0 1) (0 1 1) (0 1 0) (0 0 0) (1 1 1)
char 57 (d m t) (m l m) (q k d) (j k h) (t h o) (m p t) (o p j) (s l a) (a j f) (l r g) (l b o) (k d p) (l t m) (c c c) (r t d) (n o r) (q d a) (r n s) (a d b) (i l t) (j l c) (t t f) (b i j) (i g s) (e o h) (p o t) (i k i) (j g g) (t h s) (o b h) (c t n) (g f q) (k s g) (g p c) (p i r) (o q l) (a t r) (d j i) (i j f) (q h s) (r t h) (g e l) (n p l) (p b a) (q j d) (b f c) (h q b) (e a n) (j n c) (f e q) (k s p) (o h n) (h t l) (o f g) (h o a) (m d d) (r n b)
char 57 (h h s) (n n i) (d c p) (n o p) (q a h) (e n t) (j f e) (e g h) (j q r) (c l p) (q o j) (d n q) (j o a) (f p s) (k b t) (e p m) (j t q) (c f r) (e b i) (g e o) (i r g) (m e i) (s e r) (b n n) (c p h) (p j r) (q h e) (p n l) (d a l) (c d e) (e m m) (j t d) (p l i) (r d s) (b t q) (n c f) (k f a) (m h b) (i i k) (g d p) (s b e) (t r f) (r i n) (k i l) (a s t) (m m g) (o m s) (b b n) (n p t) (p g e) (d f m) (o g n) (n q n) (a g f) (e f t) (b t b) (k q r)
bool 58 (0 1 1) (1 1 1) (1 1 0) (1 1 1) (1 0 1) (1 1 0) (0 1 1) (1 1 1) (0 0 1) (1 1 1) (1 0 0) (0 0 0) (0 0 0) (1 0 1) (0 1 1) (1 1 1) (1 0 1) (1 1 1) (0 1 0) (1 0 0) (1 0 0) (1 0 1) (0 1 1) (0 0 1) (0 1 1) (0 1 0) (1 1 0) (1 1 0) (0 0 0) (0 1 1) (1 0 0) (1 1 1) (0 1 0) (0 0 1) (1 0 0) (0 1 1) (1 0 0) (1 1 0) (1 1 0) (0 1 0) (1 0 1) (1 1 0) (0 0 0) (0 0 1) (1 0 0) (0 1 0) (0 0 1) (1 0 1) (1 0 1) (1 1 0) (0 1 0) (1 0 0) (0 0 0) (1 1 0) (1 1 0) (0 1 1) (1 1 0) (0 1 1)
double 58 (2.22 5.96 4.13) (3.98 5.47 2.57) (3.56 8.65 8.06) (7.65 5.02 6.66) (7.45 7.37 3.07) (1.39 0.41 1.92) (2.5 0.86 6.29) (2.32 1.16 4.2) (7.13 5.5 7.89) (9.06 0.92 7.1) (0.34 4.48 0.62) (3.02 3.1 8.13) (5.14 9.2 4.62) (0.92 5.27 9.29) (5.6 6.65 8.4) (9.63 2.4 0.43) (0.24 4.38 8.91) (0.33 5.13 7.66) (5.93 7.23 9.49) (2.13 4.33 8.97) (4.12 1.55 6.87) (8.42 8.79 9.24) (9.36 3.69 9.55) (9.52 8.02 3.57) (9.17 0.38 9.42) (5.45 4.13 1.74) (6.89 2.53 2.47) (5.28 8.03 4.59) (5.51 8.7 5.47) (3.46 0.21 7.05) (7.06 0.02 8.42) (8.86 2.09 2.76) (1.03 9.02 1.33) (3.58 4.68 2.93) (7.86 8.25 6.08) (2.32 5.47 0.77) (9.89 6.5 8.2) (8.89 0.77 2.44) (9.4 3.27 5.46) (2.11 6.95 4.86) (4.68 3.32 7.1) (9.83 1.24 8.37) (7.91 2.54 1.66) (7.52 3.09 1.69) (0.21 7.82 9.39) (0.02 0.94 5.99) (9.89 5.71 2.65) (6.61 9.02 4.93) (0.46 3.14 3.11) (5.64 8.57 2.87) (2.34 9.74 6.53) (8.53 6.43 6.33) (7.11 8.35 1.31) (7.69 2.12 7.64) (3.48 3.09 6.94) (0.9 8.86 4.88) (1.44 3.7 2.02) (9.81 7.47 9.02)
char 59 (m l b) (o t p) (n d p) (n d f) (c s f) (r b o) (d h l) (k a q) (s c i) (p c h) (g c q) (r d m) (g e m) (e h m) (r b c) (d a q) (s b f) (c s s) (j l t) (b r h) (t j m) (h r n) (t q l) (f h l) (k q l) (l r n) (o l s) (p j p) (d e d) (n c p) (h q h) (a g f) (g p i) (q f i) (f p t) (a o g) (a c s) (s s m) (a l e) (o f j) (a s h) (n q n) (p k l) (d m l) (c q a) (p e g) (j h p) (e l e) (b m a) (e k n) (q c l) (o n j) (i o e) (g m j) (g s p) (f a c) (c c k) (f g r) (j t h)
int 59 (77 15 81) (53 4 19) (99 81 62) (24 49 69) (50 72 44) (49 87 21) (84 14 28) (28 42 84) (40 73 71) (20 33 28) (19 72 30) (16 10 53) (14 32 61) (55 63 9) (26 58 8) (21 9 98) (81 19 4) (4 90 96) (10 68 47) (41 81 93) (92 5 26) (41 75 98) (86 64 80) (52 54 40) (39 47 16) (73 93 79) (53 51 99) (63 39 96) (47 18 45) (69 96 66) (72 48 87) (79 33 98) (41 59 55) (36 54 63) (88 55 98) (3 44 53) (82 67 81) (70 21 37) (61 49 48) (99 89 99) (38 16 80) (37 81 71) (70 67 87) (96 74 79) (29 41 89) (8 74 54) (96 82 41) (86 67 65) (3 58 43) (65 76 73) (70 80 88) (29 50 44) (48 53 81) (91 72 74) (15 75 41) (52 22 92) (30 4 62) (45 14 64) (70 57 76)
int 60 (51 27 65) (41 20 34) (4 27 51) (68 74 11) (42 24 75) (51 43 30) (69 32 87) (59 48 16) (40 85 61) (34 97 52) (2 78 22) (91 43 66) (54 67 16) (91 77 19) (41 60 70) (69 87 21) (10 80 82) (73 63 17) (74 15 80) (7 60 84) (21 90 70) (68 67 76) (88 14 26) (99 75 80) (5 48 22) (74 82 42) (45 75 17) (56 51 6) (24 67 84) (70 66 40) (20 10 85) (31 75 32) (20 11 30) (23 80 94) (76 57 84) (31 27 50) (46 21 72) (35 16 69) (41 29 38) (99 69 45) (96 7 44) (72 31 54) (67 81 63) (5 1 6) (47 62 84) (75 38 20) (70 61 33) (7 6 20) (89 58 69) (60 55 81) (26 13 2) (59 45 6) (91 66 83) (7 15 3) (99 26 73) (18 83 49) (81 40 1) (79 55 74) (90 39 91) (36 32 22)
double 61 (0.53 7.8 3.72) (8.54 3.88 1.5) (0.82 6.25 7.2) (5.25 6.18 1.29) (8.6 8.3 2.12) (3.98 1.21 5.3) (8.92 7.55 3.07) (6.53 6.96 9.16) (7.86 9.03 3.28) (0.46 3.8 2.71) (6.55 9.23 6.19) (3.84 9.82 3.82) (6.72 9.55 8.99) (1.48 6.29 4.81) (7.39 8.47 7.03) (1.35 2.51 7.32) (3.33 9.58 9.39) (4.88 5.19 4.11) (3.6 7.44 6.47) (9.73 8.57 3.7) (1.81 3.08 9.12) (9.28 6.09 7.65) (0.27 5.6 4.45) (8.35 5.57 9.31) (3.83 1.7 5.21) (6.79 3.92 0.63) (1.79 5.97 9.76) (5.19 6.65 9.4) (0.12 8.66 5.46) (0.88 6.12 9.62) (2.01 1.96 0.9) (8.99 8.37 4.34) (4.84 9.79 8.98) (3.29 6.35 8.11) (6.63 2.59 5.46) (8.31 4.39 8.29) (2.3 4.49 9.01) (8.67 2.59 8.8) (5.43 7.41 6.9) (4.48 7.68 6.98) (4.23 3.05 7.57) (0.59 8.36 3.09) (5.4 0.07 8.75) (3.08 2.73 6.8) (0.97 7.89 5) (4.06 6.82 2) (8.95 5.14 2.11) (7.56 2.28 0.87) (1.95 9.79 1.88) (9.84 3.15 4.1) (4.39 2.96 9.84) (9.3 8.13 7.63) (0.53 1.84 4.64) (7.79 7.94 1.22) (9.5 0.1 5.84) (2.68 4.42 5.92) (1.56 0.16 2.94) (7.96 2.95 2.32) (9.5 0.69 4.18) (6.15 4.48 4.48) (7.58 2.72 9.33)
double 62 (0.72 1.26 2.82) (2.66 7.18 8.47) (7.42 5.03 4.88) (9.61 5.47 8.62) (4.61 2.05 4.34) (8.74 0.54 7.29) (4.15 9.89 0.13) (9.05 6.39 8.85) (2.03 4.75 8.24) (3.83 7.69 5.37) (0.92 8.93 2.95) (1.77 9.3 0.45) (3.85 6.65 7.22) (6.23 2.57 2.72) (4.41 1.36 3) (5.7 5.48 1.03) (8.52 4.68 9.74) (2.38 4.92 0.32) (2.14 9.86 6.7) (7.81 4.68 9.64) (5.48 4.32 1.09) (4.99 6.48 3.19) (1.61 0.8 9.12) (0.87 8.06 4.02) (8.38 0.28 2.15) (2.41 9 4.2) (7.31 6.52 2.35) (4.62 5.05 9.34) (9.17 7.86 0.72) (9.31 1.33 9.09) (8.56 0.3 5.19) (2.65 7.66 1.29) (7.66 4.52 4.6) (6.84 0.69 9.97) (0.61 8.49 8.34) (1.89 7.64 2.46) (7.24 1.13 2.46) (2.45 5.09 1.54) (6.5 5.57 7.08) (3.84 4.35 4.27) (5.85 6.56 8.72) (3.29 8.67 2.68) (3.33 8.22 7.39) (6.47 7.89 6.02) (9.96 3.81 8) (0.82 2.25 6.3) (9.7 0.73 9.22) (6.91 3.94 5.4) (7.89 2.05 6.37) (9.49 3.56 0.45) (5.89 8.81 7.18) (7.38 0.87 4.32) (5.93 3.98 2.66) (9.11 1.95 4.36) (0.03 4.11 8.28) (3.71 6.48 2.09) (6.49 0.42 5.1) (5.77 3.01 7.7) (1.37 9 2.13) (2.23 6.71 7.53) (7.84 6.56 3.05) (6.81 1.02 3.05)
double 62 (9.61 3.86 4.36) (5.5 0.54 6.48) (6.89 9.08 6.5) (3.51 9.17 1.23) (7.18 7.26 9.65) (6.84 1 9.96) (3.65 0.1 1.85) (7.25 9.23 9.61) (0.04 3.3 3) (7.16 3.71 3.28) (0.64 4.23 6.98) (1.56 9.39 3.01) (6.29 2.49 4.36) (1.38 9.34 9.77) (1.15 4.63 3) (9.14 8.13 5.83) (9.71 9.89 7.53) (0.28 6.53 7.17) (1.78 0.89 5.96) (3.31 6.83 4.62) (2.26 7.35 2.77) (5.95 1.94 7.85) (3.85 1.13 0.7) (4.89 1.88 5.27) (0.51 6.95 8.84) (5.19 6.94 7.96) (7.26 3.22 2.73) (0.88 0.79 1.34) (3.45 0.26 4.91) (3.77 4.14 8.21) (9.43 5.5 2.35) (8.97 0.62 4.76) (1.03 1.66 5.99) (3.78 9.29 8.98) (4.73 0.4 7.34) (0.23 0.2 7.77) (2.62 3.36 8.43) (2.02 4.8 7.99) (8.99 4.53 1.53) (2.02 4.47 0.64) (0.86 0.82 1.66) (0.11 7.45 2.62) (6.32 5.92 6.27) (3.21 4.07 2.05) (1.44 5.09 2.27) (9.48 4.12 6.13) (3.83 3.23 5.57) (7.47 9.91 3.53) (5.5 2.92 7.92) (8.9 5.62 7.08) (6.15 7.11 2.14) (0.45 6.84 6.93) (2.47 2.98 8.45) (1.11 6.31 4.56) (3.04 9.72 4.05) (7.39 3.49 7.96) (9.38 7.37 6.53) (7.12 6.81 7.35) (8.67 4.61 6.87) (1.69 4.5 1.18) (8.16 2.96 4.53) (5.46 5.3 6.29)
bool 62 (1 1 0) (1 0 0) (0 0 0) (0 0 0) (1 0 0) (0 1 0) (1 0 1) (1 1 1) (1 1 1) (1 1 1) (1 0 1) (0 1 1) (0 1 0) (0 0 0) (0 1 1) (0 1 0) (0 1 1) (0 0 1) (1 1 0) (1 1 0) (0 0 1) (0 0 1) (0 0 0) (1 1 1) (1 0 1) (0 0 1) (1 0 1) (0 1 0) (1 0 1) (0 1 1) (1 1 0) (1 0 1) (0 0 0) (1 0 0) (1 0 1) (0 1 0) (1 0 1) (0 0 1) (0 1 1) (0 1 0) (0 0 0) (0 1 0) (1 1 1) (1 1 1) (1 1 0) (1 1 0) (1 0 0) (1 1 0) (0 1 1) (1 0 1) (1 1 0) (0 0 0) (0 0 0) (0 1 1) (0 1 0) (0 0 1) (1 1 1) (1 0 0) (1 0 0) (1 0 0) (0 0 1) (0 0 0)
bool 64 (0 1 0) (1 0 0) (1 1 0) (0 1 0) (1 1 1) (0 1 0) (0 0 1) (1 1 0) (0 1 1) (1 0 1) (1 0 0) (0 1 1) (1 1 1) (0 1 1) (1 1 0) (1 1 0) (0 0 0) (1 1 0) (0 0 1) (1 0 1) (1 1 1) (0 1 0) (0 0 1) (1 1 1) (0 0 1) (0 0 0) (1 0 1) (1 0 1) (1 0 0) (1 1 1) (1 1 1) (0 0 1) (0 1 0) (1 1 0) (0 0 1) (1 0 1) (1 0 0) (0 1 0) (1 1 1) (1 0 0) (1 1 0) (0 1 0) (0 1 0) (0 0 1) (0 1 1) (1 1 1) (1 1 1) (0 0 1) (0 0 1) (0 0 1) (0 0 0) (0 1 1) (0 0 1) (1 0 0) (0 1 0) (1 0 1) (1 0 1) (1 0 1) (1 1 1) (0 1 1) (0 0 1) (0 1 0) (0 0 0) (0 1 0)
int 64 (32 31 33) (8 66 98) (3 2 20) (89 61 23) (87 76 78) (92 83 89) (86 56 53) (12 45 55) (45 25 2) (28 31 36) (37 18 66) (7 50 69) (49 21 87) (95 24 63) (10 61 61) (6 30 96) (42 15 13) (94 86 38) (52 34 93) (61 95 60) (20 70 17) (93 80 55) (77 71 54) (73 33 82) (73 83 5) (72 19 78) (83 45 15) (94 95 96) (60 45 35) (83 90 54) (1 53 20) (37 73 31) (92 62 78) (43 24 73) (71 30 64) (61 76 84) (95 11 61) (22 96 53) (14 27 14) (64 32 28) (96 6 98) (50 16 85) (36 39 59) (48 40 61) (33 15 12) (55 25 29) (19 37 72) (62 82 16) (61 97 80) (12 71 29) (4 35 59) (22 22 17) (18 55 33) (39 59 99) (45 97 43) (9 59 86) (80 12 91) (76 74 45) (96 42 91) (35 81 94) (7 26 40) (84 64 51) (22 39 81) (46 5 7)
double 65 (0.83 5.68 9.84) (9.12 1.83 1.92) (2.69 6.05 1.52) (9.18 3.1 5.56) (2.22 8.24 4.78) (2.86 4.61 6.31) (6.78 1.38 6.54) (3.32 5.61 2.27) (9.9 6.75 5.29) (9.18 9.99 1.98) (7.98 1.3 0.3) (1.33 4.36 5.69) (1.09 7.42 2.25) (3.65 4.4 6.24) (6.98 3.09 2.75) (5 4.5 3.01) (9.57 8.42 3.72) (8.03 6.8 9.84) (6.68 3.3 1.36) (9.8 1.78 2.14) (1.8 1.14 5.48) (1.1 5.75 9.03) (3.55 7.49 5.49) (0.26 5.18 3.85) (9.12 1.71 5.61) (9.53 1.5 0.74) (6.59 1.07 7.43) (0.85 0.63 6.39) (9.89 4.63 4.76) (9 0.31 4.75) (2.4 7.63 2.37) (8.41 1.23 9.85) (0.55 2.21 6.89) (7.6 5.73 8.59) (1.6 2.14 8.83) (5.95 0.79 0.28) (6.79 0.05 1) (6.16 2.33 5.68) (5.76 8.13 1.66) (4.56 9.19 9.89) (9.25 5.64 2.84) (4.3 7.56 2.87) (1.53 3.52 9.61) (6.94 4.94 5.32) (6.83 1.07 4.86) (0.19 0.56 7.19) (0.65 7.14 9.48) (2.83 5.79 7.57) (3.18 4.68 7.84) (0.66 8.42 6.42) (0.16 8.41 3.48) (3.85 6.12 9.64) (9.93 6.89 9.2) (5 5.9 8.16) (2.65 2.9 6.32) (1.22 6.75 4.11) (9.42 4.91 0.39) (3.01 9.16 3.77) (3.12 8.68 8.3) (3.86 8.62 1.63) (1.72 0.05 5.28) (1.08 1.09 5.16) (2.15 4.01 9.67) (0.6 7.87 9.96) (3.59 9.41 9.79)
bool 65 (0 1 1) (0 1 1) (1 1 1) (0 1 1) (0 0 1) (1 0 1) (0 0 0) (1 1 1) (1 0 1) (1 0 0) (1 0 0) (1 0 0) (0 0 0) (0 0 0) (0 1 0) (0 1 1) (0 0 0) (0 1 1) (1 1 0) (1 1 0) (0 0 0) (1 1 1) (1 0 0) (1 0 1) (1 0 1) (0 0 0) (0 1 1) (0 0 0) (1 1 1) (0 1 0) (0 1 0) (1 0 1) (0 0 0) (1 1 0) (1 1 0) (0 1 0) (1 1 1) (0 0 0) (1 0 0) (0 1 0) (1 0 0) (1 0 1) (0 0 0) (1 1 1) (0 0 1) (0 1 1) (1 1 0) (0 0 0) (1 1 1) (1 1 0) (0 0 0) (1 1 0) (0 1 0) (1 1 0) (0 0 1) (1 0 1) (0 1 1) (1 0 1) (0 1 0) (0 1 1) (1 1 1) (1 1 1) (1 1 0) (1 1 0) (0 0 1)
bool 65 (0 0 0) (1 1 0) (1 0 0) (0 0 0) (1 0 1) (0 1 1) (1 1 0) (1 0 0) (0 1 0) (0 1 0) (1 1 0) (1 0 1) (1 0 1) (0 0 0) (1 0 1) (1 0 0) (0 0 1) (1 1 1) (0 1 0) (1 0 1) (1 0 1) (0 1 0) (0 1 1) (0 1 1) (1 1 0) (0 0 0) (1 0 0) (1 1 0) (0 1 1) (0 1 0) (0 1 1) (0 0 0) (1 1 1) (0 0 0) (1 0 0) (0 1 1) (1 1 0) (0 0 0) (1 1 0) (1 0 0) (1 0 1) (1 0 1) (0 0 0) (1 0 0) (1 0 0) (0 0 0) (0 1 1) (0 0 0) (0 1 0) (1 1 0) (0 1 0) (1 1 1) (0 0 1) (0 0 1) (0 0 1) (0 0 0) (1 1 0) (1 0 1) (1 1 0) (1 0 1) (1 1 1) (0 0 0) (1 1 1) (1 0 1) (1 0 0)
double 65 (0.98 1.43 1.68) (9.55 0.67 2.59) (5.37 4.73 1.43) (2.32 5.78 9.83) (3.82 3.46 2.89) (7.06 0.54 3.82) (7.2 2.96 7.14) (1.27 4.93 4.96) (8.84 5.72 7.09) (1.3 0.52 1.73) (8.28 7.25 4.39) (5.37 7.94 9.17) (6.28 9.6 2.98) (6.86 2.59 8.39) (5.69 0.33 1.77) (4.73 0.32 8.48) (8.99 5.5 1.12) (4.63 7.3 3.83) (4.03 4.16 7.49) (1.92 2.61 6.92) (5.13 9.11 8.06) (7.55 5.18 1.54) (6.35 9.2 7.88) (5.41 7.96 5.74) (3.19 9.64 2.74) (4.62 0.9 4.31) (3.07 2.26 3.91) (8.75 9.95 0.99) (2.21 7.25 3.15) (3.23 9.99 5.15) (7.43 2.83 7.51) (0.82 1.05 9.93) (8.53 9.71 7.92) (7.12 2.52 8.37) (6.68 2.44 4.35) (4.03 2.86 5.38) (8.82 7.3 1.87) (5.26 4.52 6.29) (6.67 7.16 8.46) (0.15 6.36 2.11) (8.37 6.38 2.58) (3.22 1.25 5.74) (4.47 8.08 8.9) (9.96 5.93 5.14) (1.32 0.66 5.92) (4.49 6.61 8.29) (0.62 0.2 0.25) (1.09 3.84 8.46) (3.32 3.72 6.28) (7.23 6.88 5.33) (9.66 8.88 4.51) (7.16 8.6 2.99) (2.74 9.6 3.14) (3.59 4.72 3.7) (9.4 5.72 5.47) (4.68 4.44 6.68) (6.54 3.3 7.7) (4.7 7.72 1.88) (5.44 6.83 8.87) (9.57 4.44 2.72) (7.75 5.82 7.95) (8.63 9.39 8.45) (2.99 9 6.78) (0.14 0.13 0.06) (3.21 6.43 8.02)
char 66 (d i s) (r g p) (e r h) (c t t) (i r n) (o m c) (h l d) (m s a) (n q a) (f f l) (f q l) (k j r) (s q a) (l r r) (p n c) (i p h) (a p r) (t r a) (n k d) (d c d) (f s t) (t f q) (c n n) (i t e) (p m i) (m o l) (s f j) (s o a) (e t m) (k s l) (e g d) (i c h) (c t r) (k g l) (b l m) (c a e) (l r g) (c d f) (q h t) (a j c) (n o l) (h k r) (o m l) (e s p) (l a g) (s a o) (a t t) (t i b) (g e f) (j l s) (k b a) (c g b) (s j o) (f b j) (h e g) (q t b) (n a o) (a e d) (h f r) (a j m) (b f t) (j n b) (l o a) (l j t) (d d s) (b q s)
bool 67 (1 1 1) (0 0 1) (0 0 0) (1 0 1) (1 0 1) (0 1 0) (1 0 1) (0 1 0) (0 0 0) (0 0 1) (1 1 1) (1 1 0) (0 1 1) (0 1 0) (0 0 1) (0 1 0) (0 0 0) (0 0 0) (1 1 1) (0 0 0) (1 0 0) (0 0 0) (1 1 1) (1 0 0) (1 1 0) (1 0 1) (1 0 1) (1 1 1) (0 1 1) (1 1 0) (1 1 0) (1 0 1) (1 1 1) (1 1 0) (0 0 0) (0 1 1) (0 0 1) (1 0 1) (1 1 0) (1 1 1) (1 1 0) (0 1 0) (0 1 1) (0 0 1) (0 1 0) (1 0 1) (1 0 0) (1 0 1) (0 0 0) (0 1 1) (1 0 1) (1 0 1) (1 1 0) (0 1 1) (1 0 1) (0 1 0) (1 0 1) (0 0 1) (0 1 0) (1 0 1) (0 1 1) (0 0 0) (0 0 1) (1 1 0) (1 1 1) (1 0 0) (1 1 1)
bool 67 (1 0 1) (0 0 0) (0 0 0) (0 1 1) (0 1 0) (0 0 1) (1 0 0) (1 1 0) (1 0 1) (1 0 1) (1 1 0) (0 1 0) (0 0 1) (0 1 0) (0 1 1) (0 0 0) (0 0 0) (1 1 1) (1 1 0) (1 1 0) (0 1 1) (1 1 1) (0 1 0) (0 1 1) (1 0 0) (1 0 1) (0 1 1) (1 0 1) (1 0 0) (1 1 1) (1 1 0) (1 0 0) (1 0 0) (0 1 1) (1 0 0) (1 1 1) (1 0 1) (1 0 1) (0 0 1) (0 1 0) (1 1 0) (1 1 0) (1 0 1) (1 0 1) (1 1 1) (1 0 0) (1 1 0) (0 1 0) (1 1 1) (0 1 0) (0 0 1) (0 0 1) (0 1 0) (1 0 1) (1 0 1) (1 0 1) (0 0 0) (0 0 0) (0 0 0) (0 1 0) (1 1 1) (1 0 1) (1 0 1) (0 0 1) (0 0 1) (0 0 1) (1 0 1)
double 68 (7.67 4.65 9) (9.9 5.45 1.17) (2.4 1.84 9.61) (1.24 0.26 4.78) (3.08 1.24 4.27) (1.66 6.33 6.53) (1.65 7.94 2.88) (2.96 4.81 4.64) (9.8 6.18 9.59) (9.73 1.53 6.03) (2.81 0.5 4.07) (3.95 2.59 8.45) (3.46 1.62 0.16) (3.47 0.36 9.55) (6.98 7.89 4.03) (9.22 7.18 7.07) (0.68 6.5 5.03) (0.08 2.19 8.19) (6.89 6.72 9.16) (6.6 3.47 4.44) (8.61 1.49 6.16) (3.61 7.46 9.54) (8.71 3.09 9.14) (1.65 0.65 1.95) (2.7 4 9.68) (9.05 4.83 5.88) (5.03 8.49 5.44) (3.57 8.51 7.99) (6.9 9.53 9.93) (2.54 5.35 9.99) (0.11 1.63 3.74) (2.06 6.9 0.91) (3.21 2.65 4.96) (7.94 1.57 0.07) (0.97 5.86 0.23) (6.74 4.5 7.16) (0.25 1.36 2.67) (0.7 3.15 4.81) (2.07 2.65 4.87) (1.27 1.15 6.82) (8.81 2.62 9.63) (7.49 1.61 3.56) (5.79 6.12 6.87) (5.3 7.71 7.52) (6.49 4.28 9.88) (4.89 2.35 3.49) (6.52 7.57 1.19) (1.62 4.47 7.26) (0.1 4.2 1.51) (0.09 7.23 8.23) (5.83 8.59 7.24) (3.36 8.62 9.83) (1.41 4.22 3.1) (8.27 9.04 3.49) (5.08 3.26 7.97) (5.89 9.54 2.26) (5.79 0.55 9.07) (2.27 3.8 8.34) (9.18 3.84 7.53) (7.15 9.86 8.83) (8.31 9.66 7.74) (2.46 1.4 3.64) (6.86 5.04 3.25) (8.05 2.72 6.86) (3.61 3.96 8.81) (8.97 6.83 8.56) (8.17 2.5 0.88) (8.35 2.33 4.02)
bool 68 (1 0 1) (0 0 1) (0 1 1) (0 0 1) (1 1 1) (0 0 0) (1 0 1) (1 1 0) (1 1 1) (0 0 0) (0 1 1) (0 0 1) (0 1 0) (0 0 1) (0 1 1) (0 1 0) (0 0 0) (1 1 1) (0 0 0) (1 1 0) (1 1 0) (1 1 1) (1 1 0) (1 0 1) (1 0 1) (1 1 0) (1 0 0) (0 1 0) (1 0 1) (1 1 1) (0 0 1) (0 1 0) (0 0 1) (1 0 1) (1 1 0) (1 1 0) (1 1 0) (0 1 0) (1 1 1) (1 0 1) (1 1 1) (1 1 0) (1 1 1) (0 1 0) (0 1 0) (0 1 0) (1 1 0) (1 0 1) (1 0 1) (1 0 1) (0 0 1) (1 1 1) (1 1 0) (0 0 1) (1 0 1) (0 0 0) (0 1 0) (0 0 1) (1 1 1) (0 1 1) (0 1 0) (1 1 0) (0 1 1) (1 0 0) (1 1 0) (1 0 1) (0 0 0) (0 0 1)
char 68 (g q e) (m b p) (a q n) (n d s) (k m n) (m r g) (c l o) (k j k) (k f h) (t p s) (s f n) (n s d) (i e p) (n e d) (h m d) (c i f) (s o e) (g b r) (t h k) (e h l) (e e c) (f a g) (s a e) (q c o) (e h o) (j e f) (t r g) (b d b) (h n n) (q h j) (d e c) (d e q) (g e b) (t i n) (r q d) (m e d) (m r q) (e s p) (d g s) (f q c) (c r k) (n f g) (f e e) (j g o) (h p i) (o d t) (a h q) (k b g) (q q h) (q b n) (l n m) (g e b) (q q q) (c h j) (m h f) (b k s) (d c l) (o f g) (o b l) (e a g) (g r h) (m g p) (r t m) (r o p) (m c q) (c b p) (i c j) (h s d)
double 69 (1.52 3.75 6.98) (3.09 0.28 7.03) (5.92 8.76 7.52) (6.14 9.94 8.95) (2.59 5.46 1.68) (9.05 1.38 5.62) (8.25 3.72 9.91) (3.4 3.18 3.25) (5.16 7.55 7.94) (0.9 5.54 0.64) (5.74 4.2 2.56) (3.71 7.61 0.1) (0.35 3.79 2.09) (7.49 8.5 6.33) (5.65 7.41 2.2) (1.46 1.29 4.84) (9.99 9.91 6.3) (2.89 7.02 1.35) (9.37 5.95 4.16) (9.45 2.14 3.32) (3.05 8.84 9.65) (2.67 7.33 8.71) (0.56 4.94 3.57) (3.43 4.97 9.12) (3.62 2.7 8.55) (8.98 8.34 4.46) (7.32 0.78 0.86) (6.94 1.93 5.54) (1.96 1.03 0.11) (3.5 9.67 5.93) (4.77 8.45 7.35) (2.61 8.07 8.79) (7.93 6.95 4.27) (4.36 2.82 9.43) (4.88 5.32 6.73) (2.28 3.75 0.61) (4.93 0.93 9.48) (4.93 4.48 0.09) (4.17 0.23 1.83) (9.98 1.22 1.44) (1.55 0.18 3.25) (4.25 9.98 1.96) (4.75 3.12 6.1) (8.48 6.93 7.55) (1.59 1.22 3.66) (6.42 1.62 6.6) (5.75 5.94 9.35) (1.87 3.36 3.98) (1.33 0.2 9.95) (5.38 0.39 4.12) (0.15 2.85 6.97) (5.92 5.01 7.18) (8.59 2.04 7.75) (5.05 3.7 1.01) (5.86 8.88 3.14) (2.53 5.1 8.55) (1.99 7.08 9.57) (3.25 5.48 1.75) (7.83 4.79 4.82) (6.06 9.89 3.1) (5.11 3.35 2.27) (5.29 5.07 3.58) (1.88 8.65 7.66) (4.09 5.28 3.37) (0.22 8.15 8.31) (7.89 5.41 2.81) (2.1 2.2 2.92) (8.63 8.54 4.55) (9.9 3.01 2.66)
double 72 (6.83 7.25 4.28) (2.96 9.19 2.64) (1.34 8.32 7.33) (0.04 4.56 0.98) (7.37 0.35 3.08) (1.39 3.9 7.74) (8.83 6.48 4.18) (8.19 7.83 2.06) (4.79 8.51 4.84) (0.08 4.31 2.62) (6.27 4.83 1.14) (2.32 8.98 3.42) (6.34 1.23 7.88) (5.59 4.12 4.81) (8.69 8.06 9.75) (9.86 9.23 6.54) (6.9 4.18 2.69) (9.16 2.79 1.54) (0.34 9.81 4.71) (4.3 6.46 5.21) (0.32 0.05 7.93) (3.99 1.56 3.67) (4.93 9.77 3.72) (2.66 0.73 9.77) (6.62 3.66 8.44) (2.72 4.02 0.73) (8.1 7.85 8.26) (5.56 2.95 8.55) (0.42 3.45 1.78) (1.67 1.93 0.14) (6.54 9.99 3.48) (6.85 0.27 8.18) (4.83 4.08 5.95) (0.2 4.29 4.12) (4.95 4.91 4.77) (9.95 1.68 6.25) (4.57 2.02 7.37) (4.06 5.29 2.7) (6.06 5.36 6.85) (5.14 2.05 6.19) (9.62 8.51 9.1) (4.43 4.93 3.98) (7.15 4.96 2.07) (1.35 1.11 0.83) (2.28 4.18 9.17) (7.97 1.6 0.24) (8.09 5.17 8.12) (6.67 0.39 1.4) (7.59 6.65 2.67) (3.34 4.47 3.67) (4.5 1.77 9.16) (0.89 8.49 5) (2.1 4.93 1.88) (2.61 1.29 7.64) (9.35 9.4 6.25) (4.94 4.55 7.04) (5.55 5.44 9.46) (8.9 1.03 0.54) (1.49 7.9 1.27) (1.87 6.57 9.96) (0.72 6.64 0.56) (0.09 9.51 0.94) (6.19 5.94 5.55) (2.13 8.3 3.96) (4.54 1.09 7.89) (7.5 8.69 4.36) (9.69 0.75 1.31) (5.21 8.68 8.62) (9.6 5.9 6.08) (0.06 6.82 8.22) (6.58 6.89 3.87) (1.23 8.92 8.56)
bool 74 (0 1 0) (0 0 1) (0 1 0) (0 0 0) (0 0 0) (1 0 0) (0 0 1) (1 0 0) (0 0 1) (0 1 0) (1 0 0) (0 1 1) (0 0 1) (1 0 0) (1 1 1) (1 0 0) (1 0 1) (1 0 1) (1 1 1) (0 0 0) (0 0 1) (0 0 0) (1 1 1) (1 0 0) (1 1 1) (1 1 0) (0 1 0) (0 0 1) (1 0 0) (0 0 0) (0 0 1) (1 0 0) (1 1 0) (1 0 1) (1 1 0) (0 1 1) (0 1 0) (0 0 1) (1 1 0) (0 1 1) (0 0 0) (0 1 1) (0 0 0) (0 0 0) (0 1 1) (1 1 0) (0 1 1) (0 0 0) (0 1 0) (1 0 0) (1 0 0) (1 1 0) (0 1 1) (0 0 1) (0 0 0) (1 0 1) (1 0 1) (0 0 0) (0 0 0) (1 1 0) (0 0 0) (1 1 0) (1 0 1) (0 0 0) (1 0 1) (1 0 0) (0 1 1) (1 1 1) (0 1 0) (1 1 1) (0 0 1) (1 0 0) (1 0 0) (1 0 0)
double 74 (3 7.65 9.53) (5.34 9.75 9.79) (6.12 9.05 1.36) (2.15 0.09 9.77) (6.04 0.09 6.65) (8.61 9.93 7.69) (7.35 5.63 6.31) (7.07 1.25 0.42) (1.91 3.41 7.83) (9.79 4.38 5.97) (7.93 3.81 1.11) (0.89 8.7 9.12) (3.39 0.84 0.59) (3.88 6.25 9.45) (8.26 6.04 7.49) (3.27 5.35 6.62) (2.63 6.46 3.79) (9.53 8.36 8.38) (7.44 9.13 8.23) (6.34 7.84 9.17) (8.87 2.46 1.32) (9.31 8.23 9.41) (5.86 6.89 8.06) (1.79 9.74 6.69) (8.23 4.17 2.63) (7.95 4.54 2.94) (3.58 8.23 6.81) (1.35 6.33 5.03) (6.52 4.42 6.07) (9.01 8.94 2.51) (7.09 5.11 8.55) (5.07 7.09 0.23) (5.29 7.96 1.33) (9.83 9.85 7.49) (2.91 9.79 0.67) (9.47 3.87 5.74) (5.46 9.63 7.58) (4.08 8.83 3.21) (3.27 1.77 6.27) (3.5 0.86 9.13) (0.25 3.35 7.54) (0.21 1.17 8.04) (0.87 6.51 7.04) (4.81 0.15 2.64) (6.35 2.48 0.24) (6.38 6.39 4.7) (4.81 7.27 0.09) (2.48 7.91 6) (7.22 5.66 4.56) (4.88 5.57 3) (7.6 7.46 5.23) (9.59 3.71 9.79) (9.66 2.86 0.22) (1.01 0.55 6.36) (7.09 7.37 5.65) (0.23 9.84 0.78) (8.27 4.04 9.36) (0.46 3.62 4.97) (9.15 3.88 9.55) (6.08 0.05 2.36) (7.63 2.76 9.01) (9.43 4.19 8.85) (4.29 7 1.23) (8.16 5.34 1.02) (2.64 5.37 0.98) (9.49 0.78 5.87) (5.26 9.68 0.09) (0.16 2.12 4.34) (4.93 7.34 5.51) (8.42 6.08 8.51) (1.67 0.1 1.26) (9.47 7.79 6.02) (0.18 0.21 6.88) (6 7.6 7.32)
int 78 (80 75 8) (30 77 73) (91 34 71) (98 90 72) (40 68 64) (33 5 11) (71 91 24) (7 86 46) (55 93 16) (43 94 52) (99 51 96) (70 53 62) (74 34 80) (23 13 66) (31 98 36) (43 82 84) (10 43 92) (50 78 6) (33 75 88) (51 30 58) (73 7 92) (75 44 46) (49 94 48) (2 90 93) (68 63 44) (9 88 99) (53 53 88) (5 88 5) (52 28 59) (49 86 11) (47 50 89) (5 30 7) (27 76 58) (79 83 13) (30 89 71) (16 85 69) (22 77 39) (57 62 13) (62 30 4) (15 27 34) (24 31 30) (1 1 33) (83 4 84) (53 17 33) (74 15 48) (37 50 41) (36 5 1) (54 45 24) (49 3 55) (92 26 18) (36 90 73) (86 94 11) (87 73 96) (84 27 33) (10 23 67) (40 2 69) (97 33 33) (29 3 50) (93 93 30) (8 85 81) (42 6 10) (96 34 55) (84 88 28) (51 13 79) (40 44 69) (9 74 13) (36 93 70) (76 37 87) (42 48 5) (86 34 48) (99 61 5) (59 54 90) (85 90 9) (27 83 12) (71 80 97) (58 24 50) (80 43 53) (87 63 27)
double 80 (1.73 9.76 7.32) (5.55 7.41 0.12) (9.98 8.68 7) (9.81 2.68 0.71) (0.24 8.35 4.69) (3.63 5.81 2.95) (1.19 4.83 0.13) (7.71 2.45 7.15) (4.44 3.78 8.99) (8.84 0.89 9.55) (8.07 6.96 6.51) (8.19 1.38 4.38) (9.68 1.2 3.1) (0.44 5.99 9.86) (9.38 7.13 4.03) (5.71 1.84 0.96) (3.9 6.61 2.38) (5.44 0.39 4.38) (5.19 3.81 7) (2.34 9.32 7.44) (5.91 6.63 5.6) (6.06 2.51 8.78) (4.03 3.64 6.57) (1.36 5.2 0.94) (8.94 0.6 2.14) (5.91 1.44 7.13) (9.1 3.46 8.6) (5.2 2.49 3.14) (5.19 6.43 1.98) (0.63 2.05 3.83) (6.39 7.37 5.42) (6.77 4.65 2.12) (7.75 9.46 8.28) (9.3 6.92 4.36) (9.67 9.4 6.38) (6.85 6.32 8.33) (5.11 3.87 0.75) (0.31 4.04 2.26) (1.5 4.29 0.93) (2.72 7.13 8.81) (5.27 3.89 5.77) (7.66 8.58 6.11) (6.46 7.35 4.29) (0.16 6.88 0.44) (3.74 1.48 1.75) (1.39 4.19 7.97) (8.93 7.61 1.77) (6.66 6.38 7.18) (0.41 1.55 6.68) (8.7 5.58 6.16) (2.18 8.23 9.7) (1.56 2.62 1.95) (5.81 9.11 5.1) (3.67 7.71 6.11) (2.89 2.01 8.11) (9.56 0.57 0.78) (3.25 7.21 9.64) (1.32 8.62 3.76) (7.57 8.55 4.4) (1.62 9.94 7.31) (3.6 4.27 3.72) (6.16 8.54 0.82) (6.08 6.19 7.74) (5.56 9.9 1.45) (7.37 0.63 6.45) (7.74 5.91 2.35) (6 2.75 6.55) (1.58 4.5 2.94) (4.64 9.13 1.4) (8.74 1.77 8.16) (7.15 6.85 0.75) (9.12 9.64 8.42) (1.39 9.22 4.88) (6.69 8.77 0.37) (6.53 1.92 7.9) (1.74 9.72 5.21) (9.47 4.83 5.43) (0.43 2.07 3.7) (8.48 1.73 7.88) (5.93 7.75 2.91)
double 80 (1.18 1.82 8.54) (3.01 6.5 4.53) (4.25 8.4 2.33) (3.54 3.28 9.54) (8.76 4.09 5.57) (0.62 1.56 1.62) (5.51 9.14 3.87) (1.89 8.14 5.77) (5.29 1.33 2.31) (4.37 5.62 1.7) (4.28 1.63 6.8) (8.57 7.8 4.13) (7.94 9.3 7.41) (7.51 5.59 5.71) (6.87 6.69 4.45) (5.88 4.92 3.5) (5.6 8.1 2.85) (0.92 4.45 2.94) (8.67 4.37 2.46) (0.95 7.54 3.49) (8.22 0.88 4.98) (2.82 9.73 4.99) (7.16 8.31 6.57) (4.01 4.2 1.53) (8.62 7.75 6.19) (4.88 8.58 0.35) (6.42 2.64 8.63) (0.2 5.85 2.6) (8.15 1.68 0.76) (6.68 4.23 9.67) (6.88 4.89 0.33) (8.54 6.78 4.38) (7.77 2.73 9.35) (6.35 9.5 6.23) (6.94 8.34 3.86) (5.81 9.3 9.23) (7.76 7.93 0.11) (1.88 0.53 2.07) (3.68 5.34 3.82) (4.38 9.12 2.92) (5.36 9.44 0.72) (1.01 7.58 0.76) (5.18 4.89 4.32) (3.48 2.79 2.83) (5.45 3.6 3.73) (6.55 9.4 8.3) (4.23 0.9 5.35) (9.14 1.55 9.62) (3.1 6.71 4.8) (1.38 8.76 5.18) (9.83 0.66 6.22) (4.23 2.79 7.59) (3.02 9.23 0.65) (1.59 5.94 1.54) (7.17 7.67 7.15) (5.86 1.6 5.72) (6.62 5.6 8.69) (6.51 5.07 6.1) (2.15 4.12 7.82) (4.8 9.19 3.15) (8.67 2.69 1.18) (6.58 4.25 2.44) (0.27 4.76 3.77) (1.57 8.68 1.42) (2.26 3.72 8.26) (7.8 6.88 3.46) (9.15 4.02 0.09) (2.66 9.62 1.77) (2.65 4.73 5.36) (2.06 6.81 0.46) (8.76 4.28 8.52) (5.38 9.69 4.58) (1.38 3.35 0.62) (3.33 0.66 0.56) (8.76 0.16 4.92) (3.33 5.64 0.21) (3.35 8.76 3.11) (2.63 5.64 3.89) (7.41 7.15 5.64) (2.7 0.75 1.05)
bool 81 (1 0 1) (0 1 0) (1 1 0) (1 0 0) (0 1 0) (0 1 0) (1 0 1) (0 1 1) (1 1 1) (1 0 1) (1 1 1) (0 1 0) (0 0 0) (0 0 0) (1 1 0) (1 1 0) (0 1 1) (0 0 0) (0 0 0) (1 0 0) (0 0 1) (0 1 1) (0 1 0) (0 1 1) (1 1 1) (1 1 0) (1 0 1) (1 0 0) (1 1 1) (0 1 1) (0 1 1) (1 0 1) (0 1 0) (0 1 1) (0 0 1) (1 0 1) (1 0 0) (1 0 1) (1 1 0) (1 0 0) (0 1 1) (1 0 1) (0 0 1) (1 1 0) (0 1 1) (0 0 0) (1 0 0) (1 0 0) (0 1 0) (1 1 0) (1 0 0) (1 0 0) (0 1 1) (1 0 0) (1 0 1) (1 0 1) (1 1 1) (1 0 1) (0 1 1) (1 1 1) (1 1 1) (1 0 1) (0 1 1) (0 1 1) (0 1 1) (0 1 1) (1 0 1) (1 0 0) (0 1 1) (0 0 0) (1 1 1) (1 1 1) (1 1 1) (1 0 0) (1 1 0) (0 1 1) (1 1 0) (1 1 0) (0 0 1) (1 0 1) (1 1 0)
char 81 (d k m) (i o a) (o b l) (e j t) (f i l) (l f c) (b s i) (s b t) (a d d) (c p i) (l l l) (t d t) (m p a) (q q b) (q l f) (k s h) (d l j) (r l k) (r g k) (t p t) (j n d) (i i f) (s r c) (k g c) (g i d) (f k g) (o d b) (k s t) (l i q) (j c j) (f p l) (j m q) (l k s) (d s h) (j d d) (b t a) (f r i) (a r e) (r r m) (t o k) (d d g) (q n l) (m g f) (r i n) (l b o) (f h b) (m o a) (i o t) (m b h) (g k k) (j n n) (r m s) (e l h) (g b n) (d q t) (t j k) (t e p) (a p t) (g h p) (k p i) (c c c) (t e c) (m f h) (j r d) (j t s) (k p l) (k a s) (t r k) (e m p) (p d t) (h q n) (b e m) (c l k) (a l a) (a n f) (f f t) (r d j) (n b m) (m s i) (s l j) (o q n)
int 82 (47 36 55) (32 18 11) (5 67 79) (66 82 67) (30 91 48) (14 51 9) (95 76 47) (99 48 60) (38 48 61) (77 1 23) (87 26 43) (27 78 64) (86 97 60) (9 18 88) (94 63 79) (26 29 62) (98 57 18) (49 23 56) (46 63 46) (6 39 50) (46 98 84) (83 76 40) (93 88 61) (40 90 98) (86 44 17) (27 20 84) (70 84 52) (66 79 8) (92 13 17) (31 70 88) (23 30 3) (66 52 23) (94 87 14) (20 20 74) (17 85 70) (1 82 24) (4 13 75) (88 59 23) (16 1 69) (97 84 24) (56 47 23) (94 69 49) (60 95 48) (4 49 80) (5 73 32) (11 15 42) (36 21 11) (55 19 16) (43 24 90) (37 20 49) (77 23 46) (30 32 36) (5 3 14) (54 60 92) (28 96 70) (64 11 72) (85 44 13) (49 20 63) (56 62 18) (80 47 8) (8 63 18) (6 58 23) (9 24 85) (12 72 74) (60 31 98) (37 7 38) (24 4 55) (37 70 37) (35 92 27) (37 34 36) (45 61 62) (39 65 28) (68 18 33) (66 19 22) (7 91 17) (63 33 11) (68 16 22) (65 51 32) (90 86 38) (53 18 76) (40 6 44) (41 84 83)
bool 83 (0 1 1) (1 0 0) (1 1 0) (0 1 0) (0 1 1) (0 0 0) (0 0 0) (0 1 0) (0 0 0) (1 1 0) (0 0 0) (1 1 0) (0 0 0) (0 0 0) (0 0 1) (0 1 1) (1 0 1) (0 0 1) (0 0 1) (1 1 0) (0 1 1) (1 0 0) (1 0 1) (1 1 1) (0 1 0) (0 1 1) (1 0 0) (1 1 0) (1 0 1) (1 1 0) (1 1 1) (1 0 0) (0 1 1) (0 0 1) (1 1 1) (1 1 1) (1 1 1) (0 1 1) (0 1 1) (1 1 1) (0 1 1) (1 1 0) (1 1 0) (0 1 1) (1 1 1) (0 0 1) (0 0 0) (1 1 1) (1 1 1) (0 0 0) (1 1 1) (0 0 1) (1 0 0) (1 1 1) (0 1 1) (0 1 0) (0 1 0) (1 0 0) (0 1 0) (1 0 1) (0 1 0) (0 0 1) (0 0 1) (1 1 1) (1 1 1) (1 1 0) (1 0 0) (1 1 0) (1 1 0) (0 0 1) (0 0 1) (0 0 1) (0 0 0) (1 0 1) (1 1 1) (0 1 0) (0 0 1) (1 1 1) (0 1 1) (1 0 1) (0 1 1) (0 1 0) (1 0 0)
bool 84 (1 1 0) (1 1 1) (0 0 1) (0 0 1) (1 0 1) (0 1 1) (0 1 1) (0 1 1) (0 0 0) (1 0 0) (0 0 0) (1 0 0) (1 1 1) (1 1 1) (1 1 1) (1 1 1) (0 1 0) (1 1 0) (0 1 1) (1 1 0) (0 0 0) (1 0 1) (1 0 1) (0 0 0) (1 1 1) (0 1 1) (1 0 1) (0 1 0) (0 0 1) (1 1 1) (0 0 1) (1 1 0) (1 0 0) (0 1 0) (1 1 0) (0 0 0) (1 1 1) (0 1 0) (0 1 0) (1 0 0) (0 1 1) (0 0 0) (1 0 0) (1 1 1) (1 0 0) (0 1 0) (1 0 0) (1 1 0) (1 1 1) (1 1 1) (0 0 1) (1 1 1) (1 1 1) (1 0 0) (0 1 0) (0 0 1) (1 1 0) (1 0 1) (0 0 0) (1 0 0) (0 1 1) (1 0 1) (0 1 1) (0 1 0) (1 0 1) (0 1 1) (0 1 1) (1 1 0) (1 1 0) (0 0 0) (1 0 1) (0 1 0) (1 1 0) (1 1 1) (0 1 0) (0 0 1) (1 1 0) (1 1 1) (0 1 0) (0 1 1) (1 0 1) (0 1 0) (1 0 1) (1 1 0)
int 85 (87 85 25) (10 16 51) (18 34 82) (31 15 46) (55 97 52) (36 8 38) (99 28 62) (82 36 43) (48 70 42) (57 70 33) (55 76 56) (52 18 34) (44 86 34) (25 35 71) (51 57 26) (61 92 39) (37 8 51) (33 53 16) (53 32 70) (95 92 43) (22 12 66) (81 63 5) (17 20 84) (74 39 95) (45 35 77) (59 5 37) (15 29 44) (84 91 65) (3 83 89) (18 9 13) (21 13 50) (9 89 19) (41 69 47) (58 42 98) (43 19 74) (64 48 69) (82 83 56) (37 8 50) (80 41 91) (11 29 92) (21 1 34) (52 60 8) (99 89 57) (44 49 4) (4 38 29) (20 68 36) (62 97 68) (80 54 27) (88 71 53) (25 14 53) (70 68 15) (47 6 9) (3 16 89) (23 63 44) (23 57 82) (92 54 3) (38 62 76) (70 2 88) (89 72 3) (79 67 15) (18 48 79) (14 46 12) (11 94 54) (7 15 2) (97 51 56) (31 83 82) (10 34 51) (71 33 59) (19 53 75) (40 29 80) (42 46 38) (84 87 84) (39 5 68) (53 41 65) (45 58 96) (77 21 20) (62 10 97) (30 60 11) (13 69 38) (85 28 23) (88 56 34) (50 94 93) (18 60 2) (98 21 60) (60 54 11)
double 87 (5.7 5.39 0.4) (6.78 9.21 2.09) (6.1 1.83 4.57) (1.01 4.95 8.72) (8.19 9.96 5.86) (7.12 1.7 9.39) (6.91 7.42 5.48) (5.06 6.7 8.32) (5.06 5.11 0.61) (2.16 8.24 1.82) (7.78 4.52 2.3) (4.88 2.23 4.97) (9.77 1.87 8.26) (9.66 4.37 6.96) (6.48 7.78 1.11) (6.07 6.31 6.85) (6.97 4.44 3.11) (3.87 3.1 2.15) (8.08 8.19 3.41) (8.79 7.43 7.74) (0.65 6.75 1.27) (9.3 7.13 7.84) (1.92 5.83 3.51) (1.96 8.65 7.71) (8.73 8.47 5.34) (7.25 8.69 6.82) (8.14 3.02 4.65) (1.92 2.57 6.12) (5.98 9.3 4.46) (1.71 3.12 8.67) (0.61 0.38 3.12) (4.34 7.57 3.13) (0.63 8.79 4.88) (7.5 2.73 0.43) (0.14 9.45 7.61) (1.05 0.84 2.67) (2.19 9.99 2.53) (9.63 9.54 1.78) (9.61 0.11 4.22) (0.54 4.46 9.42) (2.51 1.41 8.24) (1.89 7.58 3.59) (1.87 2.69 6.88) (3.05 9.95 3.38) (1.34 3.85 8.68) (3.69 5.15 2.52) (5.31 7.5 3.72) (6.51 1 3.35) (5.02 6.26 4.88) (7.98 4.14 3.57) (1.56 7.55 8.66) (0.56 1.64 0.46) (1.2 0.96 8.47) (5.02 6.66 9.55) (1.56 9.22 7.67) (7.22 6.38 6.89) (0.5 3.98 5.53) (1.84 8.48 2.89) (7.24 4.46 4.42) (5.01 2.31 6.47) (8.2 8.93 0.91) (5.92 5.97 4.85) (2.31 1.74 5.59) (0.25 8.18 0.06) (6.65 3.13 1.09) (6.19 7.37 7.04) (3.76 5.96 2.29) (9.13 6.06 7.75) (1.72 3.96 0.82) (2.64 0.01 0.3) (7.18 5.12 1.89) (3.15 6.13 9.04) (5.32 8.68 6.62) (4.97 5.47 4.87) (1.71 4.71 8.32) (4 0.42 3.9) (9.41 7.5 8.84) (5.22 2.27 4.98) (4.14 0.4 1.47) (9.77 1.97 9.48) (5.98 7.97 1.32) (6.18 0.77 4.9) (7.16 1.28 4.04) (2.25 3.78 4.79) (6.59 2.62 0.71) (9.85 4.37 3.53) (0.34 9.7 0.61)
char 87 (l g s) (q o d) (l b a) (b s r) (g g o) (c k r) (e t g) (a t b) (d p l) (c b n) (t a j) (h m m) (k l t) (c d d) (i i q) (p g k) (m o c) (j f n) (f i k) (c p j) (o n m) (g c c) (d j g) (l b d) (b r g) (r f s) (s m p) (f h d) (j e h) (i q h) (d a h) (b e a) (n g k) (o a l) (a c k) (r r p) (e q d) (n o l) (f j h) (k o s) (a i d) (b k j) (h c n) (l r r) (t a d) (q l d) (q m q) (n b r) (r o p) (o l k) (f f q) (j b q) (d o e) (a c k) (i g j) (b f k) (p s l) (c a q) (a o s) (o t c) (b b t) (n m f) (k c n) (r o a) (a h f) (a c g) (o b t) (p d b) (r r m) (f q t) (b f n) (c i i) (o f h) (j j d) (q g p) (l k p) (f i b) (d e d) (r b l) (q c l) (k f d) (e r f) (n q c) (s b a) (n i l) (m j o) (d f l)
int 88 (50 65 72) (97 15 88) (38 19 73) (41 48 42) (21 83 14) (91 18 51) (47 64 41) (97 74 5) (91 99 34) (89 82 46) (42 29 51) (58 35 19) (6 24 58) (50 92 2) (90 41 48) (46 13 53) (85 97 49) (44 52 12) (81 30 17) (70 52 64) (4 56 47) (61 44 12) (50 53 38) (34 1 13) (64 54 70) (43 49 95) (97 31 4) (97 42 57) (9 6 52) (68 72 79) (78 26 77) (40 59 38) (76 39 98) (17 33 70) (69 93 22) (39 74 58) (7 89 92) (42 22 14) (49 27 54) (21 87 9) (18 20 91) (75 28 99) (90 48 9) (2 27 58) (12 35 25) (84 35 20) (58 30 15) (12 66 94) (91 11 81) (66 47 38) (54 50 12) (60 25 1) (38 34 94) (28 29 57) (61 30 49) (89 46 71) (76 35 67) (13 35 18) (97 48 15) (55 69 59) (93 5 82) (71 37 53) (17 58 27) (80 28 10) (98 38 86) (22 45 61) (31 79 1) (32 60 91) (57 79 85) (83 58 91) (54 32 27) (91 21 97) (67 70 53) (26 48 4) (67 30 18) (59 36 1) (42 19 77) (51 65 50) (7 19 15) (55 97 28) (91 15 22) (16 83 61) (34 60 89) (11 46 28) (36 22 15) (32 6 39) (39 54 96) (82 6 71)
double 91 (3.95 2.69 5.06) (7.46 2.02 7.6) (4.02 5.19 7.57) (3.1 5.15 1.91) (1.99 2.59 1.01) (8.85 1.52 5.36) (0.02 5.46 4.15) (9.81 1.81 5.72) (3.59 2.02 7.87) (6.88 0.94 8.55) (1.7 4.42 2.51) (2.18 7.96 0.87) (9.82 4.15 5.82) (6.25 8.45 1.08) (4.26 5.39 5.05) (7.51 9.39 3) (4.97 1.63 6.06) (9.97 7.59 4.94) (9.56 3.47 1.34) (3.46 5.62 3.61) (5.94 1.77 0.01) (5.4 6.81 5.87) (9.61 1.59 9) (7.63 1.42 9.94) (9.63 6.84 1.38) (5.97 2.41 8.08) (6.41 6.15 9.72) (8.67 7.99 6.82) (9.63 7.1 3.84) (6.43 7.77 3.92) (3.78 3.46 0.99) (1.99 1.93 4.19) (1.93 2.03 9.22) (3.43 3.34 7.81) (3.55 9.45 5.56) (0.67 0.94 4.77) (0.91 6.03 9.2) (8.34 9.41 6.17) (9.25 8.35 5.93) (3.59 4.75 9.66) (4.32 3.51 0.19) (7.65 9.77 3.28) (1.87 4.32 9.65) (1.92 8.58 1.19) (9.05 1.11 3.44) (9.21 7.62 6.91) (8.85 8.18 5.64) (2.19 0.23 8.26) (6.6 8.78 7.91) (0.9 1.96 1.2) (1.1 0.11 2.88) (0.69 5.8 5.93) (8.06 4.19 9.81) (7.81 5.1 8.04) (7.21 7.93 0.06) (4.36 3.3 3.18) (6.04 8.82 6.74) (5.85 4.62 9.1) (7.45 5.93 5.22) (4.67 1.86 1.49) (9.96 6.31 6.71) (3.91 1.96 4.54) (9.82 1.69 6.81) (7.37 0.47 6.98) (2.37 7.1 6.08) (1.53 5.24 3.55) (1.88 4.96 2.58) (5.75 5.33 0.03) (6.65 2.49 4.83) (9.59 3.47 2.67) (2.07 1.78 1.25) (5.5 4.16 0.92) (6.5 7.95 2.33) (6.12 7.57 9.67) (2.32 6.64 5.05) (2.85 5.16 9.55) (3.92 4.13 1.77) (7.48 4.36 8.44) (9.04 9.59 8) (0.36 1.16 0.93) (9.21 3.93 0.51) (5.5 8.63 5.3) (2.28 1 0.09) (9.31 9.02 1.01) (0.14 5.64 9.71) (0.03 8.83 8.34) (8.03 4.82 0.93) (3.87 6.02 1.57) (1.37 2.81 5.14) (3.98 7.05 8.04) (9.1 1.33 3.77)
int 92 (71 68 14) (65 28 21) (1 72 40) (98 98 47) (6 24 5) (7 8 60) (49 27 12) (68 68 82) (60 97 77) (44 69 21) (49 22 56) (87 68 66) (21 17 3) (74 52 64) (58 18 52) (58 58 78) (95 45 52) (11 70 68) (6 87 69) (28 60 38) (14 21 87) (94 53 20) (71 47 69) (63 23 6) (1 21 49) (76 30 71) (4 1 87) (36 16 20) (39 2 11) (32 97 44) (21 11 57) (94 44 68) (6 51 75) (5 16 24) (74 28 95) (17 70 92) (14 48 74) (19 12 59) (34 88 72) (67 1 99) (44 52 45) (90 70 90) (99 40 62) (77 19 2) (92 70 14) (56 92 41) (60 52 9) (30 38 60) (20 72 72) (11 68 86) (60 47 37) (63 95 81) (94 71 64) (22 16 91) (88 12 63) (8 79 33) (62 30 64) (36 59 91) (71 11 75) (18 82 94) (67 22 24) (98 81 10) (61 67 10) (58 14 69) (1 54 85) (70 16 66) (96 73 61) (92 92 96) (97 21 99) (72 71 22) (15 26 48) (96 3 1) (36 50 4) (27 48 99) (83 50 68) (35 5 58) (92 9 98) (22 14 80) (74 88 85) (11 94 73) (51 91 58) (50 38 53) (90 29 8) (1 21 17) (99 82 8) (69 41 53) (67 84 53) (31 45 79) (37 41 16) (21 62 75) (16 46 34) (74 97 50)
double 95 (9.3 3.25 5.81) (1.2 7.29 2.51) (8.62 8.93 4.3) (9.37 4.39 5.19) (9.71 4.8 5.6) (0.07 7.28 6.27) (7.84 3.89 4.14) (3.84 1.74 0.32) (1.17 6.49 5.43) (3.92 6.16 4.63) (7.84 0.35 6.93) (4.01 6.08 3.64) (4.85 2.8 4.39) (2.42 1.44 6.91) (6.55 8.56 3.35) (6.21 0.83 5.34) (8.09 9.85 3.03) (3.28 7.24 1.83) (4.35 3.72 3.22) (1.14 9.83 3.06) (7.18 0.71 4.73) (6.91 2.82 0.51) (2.22 9.96 8.48) (1.02 6.07 1) (7.59 6.22 0.83) (8.59 5.34 5.45) (3.94 6.42 3.77) (5.15 6.06 5.25) (7.28 6.37 8.33) (7.56 3.36 8.62) (9.66 4.17 9.27) (1.43 7.61 4.9) (4.97 8.43 7.2) (0.76 3.36 8.61) (2.12 0.14 8.9) (4.31 9.57 1.35) (9.62 6.77 4.45) (3.03 6.22 4.44) (9.55 8.05 5.29) (8.8 8.85 2.57) (8.49 0.2 8.04) (6.82 4.4 6.82) (3.99 9 5.87) (1.52 2.2 8.29) (8.35 1.73 9.57) (3.05 4.14 2.92) (5.61 2.3 4.7) (2.98 4.73 7.26) (5.06 3.34 4.2) (0.49 9.01 0.41) (2.14 7.14 8.42) (2.85 3.56 9.17) (1.62 7.32 6.64) (5.55 0.33 2.03) (3.6 5.08 4.84) (5.88 0.6 9.62) (6.95 7.51 2.28) (2.02 2.79 6.86) (2.51 0.12 0.75) (5.01 9.81 1.39) (7.91 1.43 3.62) (1.94 4.89 1.36) (7.57 2.9 5.82) (5.45 7.06 1.77) (0.47 1.99 9.48) (9.69 7.5 9.04) (2.4 9.46 2.69) (7.83 5.63 7.06) (2.96 2.47 5.46) (4.29 1.87 4.38) (9.13 0.83 3.43) (0.5 8.56 9.99) (8.94 5.31 1.31) (4.14 5.15 0.43) (8.72 3.99 2.96) (7.54 1.51 8.49) (6.47 3.81 4) (8.14 5.72 2.16) (5.37 7.49 4.7) (2.25 1.68 6.45) (0.08 4.24 1.62) (6.55 6.47 0.91) (1.54 6.63 2.73) (0.89 9.75 9.93) (9.01 2.82 1.33) (6.74 4.74 4.51) (6.44 5.9 8.59) (1.64 2.86 8.91) (9.5 2.2 0.54) (7.14 7.8 1.72) (5.86 9.22 1) (7.38 8.67 7.96) (1.02 4.23 3.8) (8.84 2.62 2.88) (5.57 6.77 9.43)
char 95 (n s n) (p o k) (n t l) (f p k) (o r c) (n e k) (l p q) (b p a) (a e l) (j c n) (e f e) (a k e) (m r e) (q r r) (m e d) (r e r) (r b b) (k h g) (o o d) (h n s) (m d d) (h o b) (t f s) (e g i) (o p n) (n i k) (m o g) (l c b) (j k r) (r c k) (f t c) (b k d) (s b s) (r n h) (l n s) (l h a) (i g j) (k e s) (q j p) (e m s) (m r t) (d l k) (r d g) (b b g) (s m e) (q t f) (a k g) (g r g) (m r h) (d g e) (i j r) (a c m) (a q a) (m r p) (h l m) (r d k) (e o c) (f l o) (n h s) (c l g) (i n s) (p m l) (r q f) (a h h) (h a n) (h f h) (p r g) (h h o) (o s p) (o l f) (j o b) (n h d) (o g m) (p o m) (q t o) (g r m) (b c n) (m i h) (c m l) (h q c) (p h r) (a a e) (q i m) (t f f) (b t g) (h o k) (c d p) (c g a) (r k b) (g n o) (g p k) (l g m) (k t f) (l p t) (m t q)
bool 96 (1 0 1) (1 1 1) (1 0 0) (0 1 1) (0 1 0) (0 1 0) (0 0 1) (0 1 1) (1 1 1) (1 0 1) (1 0 1) (0 1 1) (1 0 1) (0 0 1) (1 1 1) (0 0 0) (0 1 0) (0 0 1) (1 0 0) (1 0 1) (0 0 1) (1 0 1) (0 0 1) (1 1 1) (0 1 1) (1 1 1) (1 1 0) (1 0 0) (1 0 0) (1 1 1) (0 0 0) (0 0 1) (0 1 0) (1 1 0) (1 0 1) (1 0 1) (1 0 0) (1 0 1) (1 1 0) (0 1 0) (1 0 0) (0 0 1) (0 0 1) (0 0 0) (1 0 1) (1 1 1) (0 0 0) (0 0 1) (1 0 1) (1 0 0) (0 0 0) (0 0 0) (1 1 0) (1 0 1) (0 0 0) (0 0 0) (0 0 1) (0 1 1) (1 0 1) (1 1 0) (0 1 0) (0 1 1) (1 0 1) (1 0 0) (0 1 1) (0 0 1) (1 0 0) (0 1 1) (1 1 0) (0 0 0) (1 0 0) (1 0 1) (0 0 0) (0 1 0) (0 1 0) (0 0 0) (0 1 1) (0 0 1) (0 1 1) (0 1 0) (1 1 1) (1 0 0) (1 1 1) (1 0 0) (0 1 0) (1 1 0) (1 0 1) (1 1 0) (1 1 1) (0 1 0) (1 1 1) (0 0 0) (1 0 0) (0 1 0) (0 1 1) (0 1 0)
int 97 (88 58 85) (28 26 93) (16 43 28) (62 81 83) (62 86 66) (38 91 10) (22 79 7) (9 29 52) (53 46 53) (1 84 38) (94 42 18) (66 32 60) (3 68 66) (68 40 8) (7 71 93) (86 41 92) (70 72 55) (48 24 35) (59 2 9) (25 56 87) (30 14 71) (68 89 84) (90 29 29) (27 22 44) (42 39 7) (45 52 15) (11 30 9) (63 70 49) (57 25 34) (66 73 88) (7 68 61) (10 35 75) (54 28 15) (5 22 92) (7 47 37) (12 14 12) (70 22 99) (28 95 86) (12 66 19) (16 74 38) (31 87 12) (88 26 56) (34 65 87) (44 22 12) (35 22 65) (26 69 62) (45 52 34) (72 80 26) (32 38 46) (48 26 98) (29 12 12) (18 14 13) (21 56 22) (41 13 17) (45 27 93) (72 87 98) (19 57 93) (54 93 46) (15 45 48) (38 79 52) (24 96 11) (70 23 95) (34 93 9) (62 46 29) (11 88 97) (45 65 15) (50 63 61) (95 51 36) (18 53 29) (76 26 85) (38 10 86) (33 26 99) (8 86 64) (73 84 50) (3 60 20) (83 38 49) (64 63 26) (16 11 12) (6 78 3) (52 63 88) (81 53 91) (52 35 17) (45 14 20) (74 95 17) (5 74 80) (60 74 22) (76 26 78) (83 53 50) (43 58 96) (44 40 74) (20 32 76) (98 61 2) (74 65 44) (61 30 63) (89 98 43) (32 4 71) (8 27 20)
int 98 (80 2 61) (91 18 67) (24 43 98) (63 33 71) (79 99 43) (88 20 16) (36 89 94) (7 3 35) (52 79 10) (68 13 42) (43 90 25) (40 77 66) (73 3 56) (49 7 93) (93 94 18) (40 84 33) (4 72 56) (86 28 51) (62 90 88) (69 49 15) (19 61 48) (88 14 50) (48 20 54) (74 56 25) (66 57 19) (33 97 92) (24 83 7) (32 36 15) (43 67 72) (1 34 72) (32 67 14) (24 29 96) (74 60 92) (38 13 73) (34 96 94) (97 76 37) (21 55 88) (83 8 29) (58 15 36) (83 56 10) (25 30 71) (45 19 75) (97 89 87) (59 77 69) (95 24 86) (50 76 75) (18 31 86) (45 4 55) (37 67 53) (12 48 81) (32 63 37) (50 25 85) (48 70 35) (65 21 90) (89 95 33) (5 96 32) (77 16 14) (33 2 52) (91 24 40) (65 55 1) (20 7 6) (2 20 49) (11 13 12) (35 63 23) (8 99 36) (47 84 1) (83 66 86) (34 71 35) (75 85 16) (93 49 14) (92 70 28) (65 31 55) (6 84 32) (47 97 87) (86 49 64) (2 98 1) (70 92 51) (4 7 30) (46 9 9) (68 56 71) (56 72 59) (40 42 7) (12 61 45) (64 57 47) (76 94 96) (94 57 59) (80 16 94) (23 49 31) (31 98 85) (22 22 59) (70 39 27) (68 74 36) (92 92 45) (25 50 14) (14 86 67) (64 8 79) (7 10 55) (62 71 46)
double 99 (0.68 8.08 8.48) (6.98 6.08 9.44) (6.67 7.09 6.29) (9.99 2.43 5.45) (3.3 7.2 5.17) (1.57 1.49 5.97) (2.53 5.85 6.3) (7.78 8.52 2.22) (3.25 3.08 2.29) (5.72 2.79 5.83) (1.48 6.13 8.78) (7.24 7.72 4.35) (8.41 6.17 5.88) (0.99 3.6 9.46) (0.6 8.69 1.24) (2.57 5.34 5.32) (7.56 1.2 1.74) (3.11 0.14 2.53) (2.9 9.85 9.91) (0.05 4.19 3.42) (6.03 5.19 9.99) (5.23 7.43 7.4) (8.06 1.64 7.25) (0.03 5.23 1.72) (8.82 0.07 3.96) (9.39 7.61 8.35) (4.86 6.12 4.48) (9.74 1.97 8.21) (0.43 6.44 3.06) (9.92 0.85 2.85) (5.81 0.04 0.76) (2.94 0.62 6.59) (1.89 3.24 5.66) (7.17 9.04 6.3) (1.99 7.82 7.98) (6.66 8.93 1.07) (3.38 7.2 8.18) (8.21 4.36 5.34) (9.95 6.96 1.49) (3.63 4.01 2.06) (9.86 3.86 8.09) (9.14 6.82 9.94) (7.48 8.45 3.07) (3.54 1.88 1.17) (2.01 9.24 3.29) (8.12 6.28 9.22) (8.35 9.59 9.64) (7.65 6.78 5.61) (6.6 5.35 4.34) (0.76 3.71 1.97) (3.07 7.83 1.05) (0.38 3.6 8.39) (0.92 9.93 0.9) (4.51 8.86 8.88) (2.32 4.69 2.02) (2.63 7.58 0.22) (4.5 3.59 4.31) (1.15 1.96 3.51) (1.95 4.98 9.58) (2.37 4.49 7.4) (1.41 8.81 6.87) (2.42 4.17 2.76) (6.74 7.6 2.87) (0.42 9.91 9.88) (7.82 8.23 4.68) (7.45 3.66 8.77) (3.25 3.15 7.26) (2.05 8.1 4.49) (1.93 1.05 8.12) (8.16 9 7.9) (6.38 9.56 9.16) (6.6 5.89 1.17) (5.42 0.38 0.45) (7.25 3.88 4.48) (5.77 4.55 9.97) (5.71 2.87 8.91) (0.85 3.34 0.64) (4.33 5.46 7.86) (6.65 7.06 2.69) (2.08 6.65 2.87) (9 9.43 9.55) (1.77 7.88 8.22) (6.16 6.86 1.11) (9.81 0.02 9.98) (0.52 9.5 6.03) (8.65 0.97 2.4) (5.07 3.08 9.28) (3.92 3.79 1.35) (7.72 1.27 0.9) (1.28 5.03 4.25) (3.43 7.72 5.71) (3.93 4.01 1.54) (5.83 3.92 7.38) (5.7 5.69 8.31) (8.67 2.55 0.07) (0.19 4 5.63) (2.16 5.56 2.98) (8.28 8.25 7.32) (9.62 4.28 6.3)
char 100 (e l e) (f q s) (g h r) (j q q) (s a c) (g l i) (c m r) (f b o) (m i j) (r h k) (o m j) (j f i) (o b k) (b o o) (f f k) (m n n) (a h g) (o m s) (f t g) (a i e) (r b d) (k d d) (c t n) (m c c) (l o d) (n n s) (n d b) (l n c) (n h p) (t c n) (p d m) (l d p) (l q a) (p b q) (b o n) (o q s) (c d m) (q a t) (e t h) (d c o) (k l q) (n t b) (q e g) (g c p) (s j o) (l i n) (n h e) (r o h) (c q d) (n f f) (d j a) (q n r) (q m n) (d c m) (p a m) (c g s) (h e b) (q f h) (k o f) (m k m) (i t b) (h q q) (q n o) (b m c) (e f j) (o p k) (p n p) (o k a) (p g n) (f h g) (b f c) (i t b) (s k j) (h j h) (a f e) (o j l) (k b c) (c c r) (q h t) (q e j) (k s e) (d p h) (b k g) (f o k) (m h s) (c o q) (h m q) (g m i) (a e l) (q d k) (k q o) (n m h) (g b p) (t h h) (r p f) (h g p) (f f k) (j g k) (d c g) (k h g)
char 101 (g j b) (o c a) (l i c) (h q s) (p r m) (p q p) (m j n) (j k g) (t e n) (l j m) (b o i) (o p j) (f l p) (e q e) (b a c) (b e j) (t o a) (g r d) (s b r) (e r f) (e o h) (b i t) (m n t) (r k o) (t c r) (s q p) (h g r) (n q j) (k k m) (b h k) (a b p) (r i s) (d f d) (d e c) (g t s) (t h a) (i m h) (d p c) (l c s) (n e b) (h q b) (d j e) (r f o) (r g a) (d c h) (i m c) (l q f) (n h e) (p l q) (l g m) (k b a) (t l e) (s c k) (m h f) (k n c) (n t q) (a j q) (m l o) (a g q) (g s a) (k a s) (m d l) (o e e) (o s e) (j q p) (r n t) (t l m) (g i g) (f s n) (k d s) (b p l) (p d j) (b c n) (a c l) (r a r) (m t a) (a t c) (r a j) (m m f) (e o t) (e g g) (s p i) (b f j) (d f s) (g s g) (e t n) (c i l) (n n i) (d m n) (o k h) (t f a) (l r l) (l o m) (f g a) (f r f) (c h g) (d g h) (o o n) (l c r) (p p j) (m k d)
double 102 (0.95 9.36 2.9) (3.63 1.69 2.88) (6.61 9.91 3.69) (4.73 1.6 5.85) (4.39 8.53 3.42) (9.71 4.02 2.63) (8.09 8.94 3.09) (5.47 7.57 3.18) (4.85 5.08 2.8) (7.29 7.08 4.3) (9.73 0.13 2.71) (0.54 4.98 0.87) (7.03 4.86 9.44) (0.67 3.66 5.1) (1.62 8.73 3.41) (1.26 5.04 4.85) (1.39 0.65 7.38) (8.1 7.37 9.14) (3.83 4.97 0.86) (2.25 5.28 7.61) (0.12 7.08 1.97) (5.58 4.74 0.69) (4.22 6.12 6.32) (5.7 6.98 5.8) (7.82 9.85 5.92) (2.64 1.56 5.82) (4.94 8.76 1.67) (2.67 7.62 4.06) (5.29 1.55 4.88) (0.17 8.29 1.71) (4.87 7.27 4.68) (8.29 8.47 4.65) (4.96 1.77 4.03) (4.77 3.14 3.89) (8.19 2.29 9.85) (4.35 3.34 1.59) (4.01 3.06 1.68) (2.45 9.5 8.36) (9.53 8.61 1.61) (1.67 1.57 8.76) (3.54 5.26 1.08) (9.49 3.64 1.94) (0.64 8.12 5.66) (9.55 7.25 2.5) (0.1 9.06 6.71) (1.38 2.48 3.07) (2.21 9.15 6.26) (6.25 5.47 2.55) (8.48 4.97 9.39) (1.69 1.36 9.77) (6.03 1.87 1.71) (9.33 3.21 7.28) (0.8 5.25 1.92) (9.86 9.47 8.88) (4.53 0.63 8.31) (5.18 7.57 0.17) (6.78 8.25 6.37) (8.16 2.84 4.45) (0.35 3.93 8.02) (1.93 8.2 7.16) (9.19 9.9 9.45) (2.61 7.19 6.48) (9.81 6.55 2.24) (9.23 4.5 9.6) (1.8 6.25 5.64) (2.76 7.26 3.85) (1.3 1.55 9.06) (9.39 6.13 3.88) (0.38 4.02 9.27) (0.54 0.06 6.71) (9.38 9.71 8.4) (7.43 2.19 5.08) (1.69 6.57 8.94) (1.98 4.6 4.99) (1.06 3.29 4.69) (9.73 5.25 0.1) (1.93 5.9 6.19) (6.37 1.26 9.6) (1.68 3.44 3.38) (7.19 1.05 0.14) (1.1 8.75 6.92) (2.23 1.2 5.25) (4.53 3.39 1.58) (4.88 0.74 1.86) (8.01 7.41 4.97) (6.13 2.81 7.39) (6.45 7.67 8.53) (0.32 0.85 8.95) (7.75 7.01 2.31) (6.28 4.94 2.3) (7.07 5.02 6.73) (0.21 4.25 5.95) (0.14 2.4 3.24) (0.38 7.68 3.31) (9.38 1.64 6.92) (0.47 6.47 2.27) (6.54 0.88 6.49) (5.19 4.91 7.24) (6.24 9.32 3.16) (4.96 1.02 5.99) (5.32 2.7 8.49) (2.16 5.73 1.51)
bool 102 (1 0 0) (1 1 0) (1 0 1) (0 0 0) (0 1 1) (1 1 0) (0 1 0) (1 1 0) (0 0 1) (0 1 1) (0 0 0) (1 1 0) (1 1 0) (1 0 0) (1 0 1) (0 0 0) (0 1 0) (0 1 0) (1 0 0) (1 0 1) (0 0 1) (1 1 1) (1 1 0) (0 0 1) (1 1 1) (0 1 1) (0 0 1) (0 0 1) (0 1 0) (0 0 0) (1 1 0) (1 0 0) (1 1 0) (1 0 1) (0 0 1) (0 0 0) (1 0 1) (1 0 1) (1 1 0) (1 1 1) (0 1 0) (0 1 0) (1 1 1) (1 1 0) (1 0 0) (0 1 0) (0 1 1) (1 1 0) (0 1 1) (0 1 1) (1 0 1) (1 0 1) (0 1 1) (1 0 0) (1 0 1) (1 1 0) (0 1 1) (0 0 0) (1 0 0) (0 0 0) (0 1 0) (0 0 1) (0 1 0) (0 1 0) (0 1 1) (0 1 1) (1 0 1) (1 0 0) (1 1 1) (0 0 0) (0 1 0) (0 1 1) (0 1 0) (0 0 0) (1 0 1) (1 0 0) (0 1 0) (1 1 1) (0 1 0) (0 0 1) (0 0 1) (1 1 1) (1 1 0) (1 0 0) (0 1 0) (0 1 1) (0 0 1) (1 0 1) (0 1 0) (1 1 1) (0 0 0) (1 1 1) (1 1 0) (1 1 0) (0 1 0) (1 0 1) (1 0 1) (1 0 1) (0 0 1) (0 0 1) (1 0 1) (1 1 1)
int 102 (27 12 68) (64 61 32) (2 73 4) (45 94 75) (44 40 51) (70 99 50) (11 76 32) (25 92 96) (99 36 44) (8 97 51) (56 40 65) (25 80 34) (44 41 31) (96 33 73) (11 15 5) (6 23 43) (97 92 55) (58 25 5) (69 10 63) (48 92 71) (33 82 11) (44 53 49) (64 33 51) (38 11 38) (64 33 4) (12 1 71) (31 72 20) (11 99 4) (71 23 19) (32 50 54) (94 50 34) (80 52 69) (80 72 20) (34 15 7) (51 53 50) (19 18 52) (17 20 63) (28 18 86) (20 77 68) (88 98 56) (10 10 92) (39 50 53) (63 19 1) (52 11 42) (11 89 33) (94 19 86) (4 92 71) (2 75 65) (2 66 37) (13 3 71) (37 62 10) (57 28 10) (68 77 55) (92 46 24) (75 71 19) (10 56 21) (61 55 37) (7 14 76) (87 57 79) (34 1 9) (26 10 45) (28 82 19) (26 29 10) (80 95 92) (20 40 8) (41 20 7) (8 41 14) (92 20 89) (10 60 94) (89 23 43) (81 18 69) (35 79 53) (89 12 13) (55 69 17) (53 30 98) (65 76 7) (95 69 35) (27 37 97) (11 9 27) (95 42 63) (9 59 39) (67 28 93) (44 55 34) (41 60 45) (37 42 85) (97 62 6) (76 66 45) (7 95 15) (60 71 77) (13 86 21) (51 50 39) (22 36 23) (4 29 60) (63 5 1) (73 17 75) (54 51 78) (45 36 96) (2 19 89) (99 29 4) (58 37 37) (17 44 39) (15 41 72)
bool 106 (0 0 1) (1 1 1) (1 0 1) (0 0 0) (0 1 1) (1 1 1) (1 0 1) (1 1 0) (0 0 1) (1 0 1) (1 1 1) (1 1 1) (0 0 0) (1 1 1) (1 1 0) (0 0 1) (0 0 1) (1 0 1) (0 0 1) (0 0 1) (1 0 1) (0 1 1) (0 0 0) (0 1 1) (1 0 0) (0 0 0) (0 0 1) (1 1 0) (0 0 0) (1 1 1) (1 1 0) (0 1 0) (1 0 0) (0 1 1) (0 0 0) (1 0 0) (1 0 1) (0 0 1) (0 1 1) (1 0 1) (0 1 0) (0 1 0) (1 0 1) (0 0 0) (0 0 1) (1 1 1) (0 0 1) (0 1 0) (0 0 1) (0 1 1) (1 1 0) (1 1 0) (0 0 1) (1 0 0) (1 0 1) (0 0 0) (1 1 1) (1 1 0) (0 0 0) (1 0 1) (0 0 0) (0 1 1) (0 0 1) (1 1 0) (1 1 0) (1 0 0) (0 1 1) (1 1 1) (0 0 0) (0 0 0) (1 0 1) (0 0 1) (1 1 1) (0 0 0) (1 1 1) (1 1 0) (0 0 1) (1 0 0) (1 0 1) (0 0 1) (1 0 1) (0 1 0) (1 0 1) (1 1 1) (1 0 1) (1 0 0) (0 0 0) (1 0 0) (0 0 1) (0 0 0) (1 1 1) (0 0 1) (1 1 1) (0 0 0) (1 0 1) (1 0 0) (1 1 0) (1 0 0) (0 1 0) (1 0 1) (0 0 1) (0 0 1) (0 1 1) (1 0 1) (1 0 0) (1 1 1)
double 107 (3.85 4.31 3.15) (4.99 3.85 0.26) (2.55 9.07 3.17) (7.32 5.65 0.9) (9.37 4.67 1.16) (2.23 0.43 4.22) (6.93 9.38 9.06) (8.88 7.06 8.62) (6.74 6.76 1.17) (1.31 0.36 2.1) (1.57 8.46 1.72) (0.92 4.45 3.62) (0.07 9.11 1.99) (8.85 4.13 2.79) (3.98 7.68 5.31) (6.08 1.11 6.22) (7.15 6.46 8.28) (6.65 6.52 9.37) (6.53 7.93 8.82) (2.74 0.61 8.38) (1.73 4.17 6.66) (4.51 7.38 8.79) (4.1 6.93 1.04) (5.71 0.78 0.51) (9.68 3.1 5.53) (0.61 0.55 4.17) (1.83 1.02 5.22) (2.8 2.68 6.56) (5.6 7.95 5.58) (7.15 6.83 4.18) (4.53 0.26 7.42) (4.41 5.76 8.85) (3.13 3.68 3.23) (7.93 1.02 6.9) (9.22 7.92 6.89) (3.72 4.29 0.14) (2.2 3.32 4.77) (1.23 2.63 1.15) (6.84 1.21 7.29) (3.34 6.03 0.12) (1.2 9.46 4.6) (3.33 3.77 0.16) (9.51 5.31 9.97) (7.14 0.05 3.31) (1.35 4.3 8.06) (3.62 2.9 3.22) (5.44 7.85 3.71) (5.79 5.33 4.65) (6.31 2.88 7.69) (1.94 9.6 2.36) (6.18 1.89 0.95) (1.66 0.51 8.85) (0.24 0.25 3.68) (9.93 9.61 2.58) (4.18 0.47 1.84) (9.39 1.24 7.4) (6.89 7.07 5.26) (2.42 7.95 3.39) (0.34 4.43 2.62) (1.68 1.04 2.75) (9.34 5.59 8.94) (1.5 0.25 8.83) (2.17 5.98 0.31) (9.04 8.01 8.61) (2.3 0.24 4.97) (6.51 4.78 4.84) (8.62 8.47 2) (4.77 9.41 4.2) (2.31 5.69 7.03) (9.19 8.15 9.29) (0.5 4.31 0.19) (2.45 6.13 3.94) (5.39 5.07 5.78) (4.05 8.96 9.96) (5.74 0.99 4.44) (3.16 1.37 8.99) (9.26 6.84 0.01) (9.42 7.79 0.02) (3.8 7.29 6.63) (1.29 3.76 5.62) (3.62 3 6.2) (8.83 1.11 9.18) (7.35 1.84 4.19) (0.38 8.64 6.65) (7.38 4.16 7.55) (6.54 4.29 3.73) (2.93 3.48 7.47) (9.83 7.71 0.66) (1.5 9.72 3.71) (3.67 0.35 8.23) (2.01 1.27 8.19) (8.02 3.68 6.07) (1.83 4.28 0.75) (0.97 1.28 4.5) (5.31 1.85 9.49) (3.58 1.38 1.35) (3.45 3.34 9.61) (2.15 7.6 7.17) (1.1 0.45 1.42) (7.54 9.45 1.42) (0.25 9.87 0.66) (5.89 1.26 7.38) (4.13 4.68 1.17) (2.36 8.46 2.39) (4.95 6.64 2.77) (1.05 1.14 9.57) (6.67 3.25 5.08)
char 107 (d p r) (e r l) (q g b) (r t p) (j a i) (h k b) (c b r) (s h e) (b p a) (l b g) (m a d) (p t c) (q e f) (m r f) (d a c) (b d j) (e d m) (d d n) (h s l) (o k f) (l p b) (b t h) (l j n) (f b c) (b a a) (i l r) (h a q) (m p s) (i i g) (h q m) (k m a) (j l j) (i s i) (t b b) (g s a) (a k i) (k h q) (h c f) (b o a) (j b j) (c k k) (c l l) (c k h) (n e d) (s q h) (o e l) (g i j) (e n p) (j e k) (p c d) (i b c) (h t j) (b o p) (s t c) (g d b) (c c i) (o c t) (n m o) (s r n) (b h m) (a k c) (o j f) (d h c) (o d h) (e k s) (e h h) (o n k) (i d q) (k g o) (m g f) (r m c) (s k d) (i o m) (f q q) (e t a) (l l t) (b e k) (m i f) (o p g) (c e a) (m r e) (g p d) (r m m) (i n p) (m q b) (j m e) (m g t) (l d k) (k k i) (p k h) (g a d) (c j n) (h e r) (p b l) (h m n) (e o e) (o q a) (b k l) (l o p) (a k k) (q c r) (s n h) (d f t) (t n q) (k a f) (e i o) (a p f)
bool 108 (1 0 1) (0 1 1) (1 1 0) (1 1 1) (0 0 1) (0 0 1) (1 0 0) (1 1 0) (1 1 0) (1 0 0) (0 0 1) (0 1 0) (1 1 0) (0 1 1) (1 1 0) (0 0 0) (0 0 0) (1 0 0) (1 1 0) (0 0 0) (0 1 1) (1 0 0) (0 0 0) (0 1 0) (0 0 1) (0 0 1) (1 0 0) (1 1 1) (1 0 1) (0 1 0) (1 1 1) (1 0 0) (1 0 1) (1 1 1) (0 0 1) (0 0 0) (0 0 0) (1 1 1) (1 1 1) (1 0 0) (0 1 1) (0 1 0) (0 1 0) (0 1 0) (0 1 0) (0 1 0) (1 0 1) (0 1 0) (1 1 0) (1 0 1) (1 0 0) (0 0 1) (0 0 0) (1 0 1) (1 1 0) (0 0 1) (1 0 0) (1 0 0) (1 0 1) (0 1 0) (0 0 1) (1 0 1) (0 1 0) (1 1 0) (1 1 0) (1 0 1) (0 0 0) (0 0 1) (1 1 1) (0 1 0) (1 1 1) (0 0 1) (1 0 1) (1 1 0) (0 0 0) (0 1 1) (1 0 1) (0 1 0) (0 0 1) (1 0 0) (1 1 1) (0 1 1) (0 1 1) (0 1 0) (1 0 1) (0 0 1) (1 1 0) (1 0 1) (1 1 0) (0 1 0) (1 1 1) (1 0 0) (0 1 0) (0 0 1) (0 1 1) (1 0 0) (1 1 1) (1 1 1) (1 1 1) (0 0 0) (0 1 1) (0 0 0) (1 1 1) (1 0 0) (0 0 0) (1 0 1) (0 1 0) (0 1 0)
char 108 (f o n) (d k j) (p q h) (g m t) (p j n) (b p p) (b t p) (k i p) (d t h) (o t c) (s i n) (i p t) (g p l) (j i f) (t h h) (n n j) (b s d) (g i k) (f d c) (c j r) (h n t) (o b s) (d p i) (s t p) (l q d) (h a t) (s n n) (q b t) (q m s) (f t s) (q b h) (f d i) (l o b) (p j l) (n d k) (g f s) (l c t) (m p b) (o p o) (o f i) (b i q) (e g o) (t i e) (q d c) (n t q) (p k s) (f h h) (l n b) (a j h) (l i g) (g k t) (g t i) (d m r) (c k a) (m h h) (i h l) (l q p) (r p d) (h e c) (t h j) (q j h) (b r d) (i d l) (b r m) (j j p) (h g i) (e l c) (m j c) (m g o) (o h t) (i q i) (n p k) (n n e) (m f i) (i q k) (k b k) (g j d) (e s a) (j p q) (h s o) (m e p) (n a s) (i t e) (c o e) (m d n) (p n f) (o l f) (p j t) (l l r) (c o r) (p c r) (i o i) (l b f) (s i p) (g q r) (a a p) (h e e) (p s s) (q i q) (n n o) (l i h) (n i s) (q o d) (r a c) (i k b) (k p d) (c h s) (j c m)
bool 109 (1 0 1) (0 1 1) (1 1 1) (1 1 0) (1 0 1) (0 0 0) (0 0 0) (0 1 0) (0 0 1) (0 0 0) (0 0 0) (0 0 0) (0 0 0) (1 1 0) (1 0 0) (1 1 0) (1 1 0) (0 1 0) (1 1 0) (1 0 1) (1 1 0) (0 1 1) (0 1 0) (0 1 0) (0 0 0) (1 0 1) (0 1 0) (1 1 0) (1 0 1) (0 1 1) (0 0 0) (1 0 0) (0 0 1) (1 1 1) (0 0 0) (1 1 0) (1 1 0) (1 0 1) (1 1 0) (1 1 1) (1 0 0) (1 1 0) (1 1 0) (0 0 1) (1 1 1) (0 1 1) (1 0 1) (0 1 0) (1 0 1) (0 0 1) (1 0 1) (0 0 1) (0 0 0) (0 1 0) (1 1 1) (0 1 0) (1 1 0) (1 0 1) (0 0 1) (1 0 0) (0 1 0) (1 0 1) (1 0 1) (1 0 0) (1 1 1) (0 1 1) (0 1 1) (0 0 0) (1 1 0) (0 0 0) (1 0 0) (0 0 0) (0 0 1) (0 1 1) (0 1 1) (1 1 1) (0 0 0) (1 1 0) (1 0 1) (0 0 0) (1 0 0) (0 0 1) (1 0 1) (1 1 0) (1 0 0) (1 1 0) (1 0 1) (1 1 1) (0 0 1) (1 1 1) (0 1 0) (1 0 1) (0 1 1) (1 1 1) (0 1 1) (0 1 1) (0 0 0) (0 0 0) (0 1 0) (0 0 0) (0 1 0) (0 0 0) (0 1 0) (1 0 1) (1 1 0) (0 0 1) (0 1 1) (0 1 0) (0 0 0)
char 109 (k b c) (a h c) (o c l) (c n i) (d q e) (i f b) (o f t) (i d s) (n i p) (o d b) (t a c) (o h i) (e i q) (c o j) (j b m) (h i q) (m k o) (t p t) (d k c) (e o o) (p g n) (a g p) (e c d) (k f e) (s t e) (k t m) (l m q) (f r k) (t i d) (o i o) (b m j) (m i p) (i b h) (s l h) (k s p) (i k i) (i t o) (q o h) (k k d) (o m d) (p m j) (o c t) (f h n) (o p b) (g q q) (t a i) (s n o) (c f p) (f q b) (h h r) (h n h) (k d m) (s r p) (j b a) (h q m) (m f l) (b d f) (k p h) (b r m) (q h q) (r p l) (h p g) (b n d) (p l b) (p h o) (c h k) (p s c) (m h c) (d s h) (j l c) (q h i) (l d m) (c t i) (k r r) (h t i) (f t p) (g b s) (r t p) (d n s) (l e o) (l b d) (h b r) (t a s) (q o t) (q e m) (d f h) (k b f) (d i a) (e d n) (f k g) (b l a) (i i d) (l t m) (n c n) (i k g) (p b l) (t k l) (j r b) (f i d) (k c f) (n c i) (c d m) (p d r) (o f o) (k h a) (a p c) (g d l) (s q o) (i s q)
