int 10 88 72 64 30 35 17 98 38 7 74
double 10 9.58 8.28 9.94 0.95 3.95 2.06 3.88 8.28 7.2 7.22
double 11 5.87 1.7 8.2 2.49 2.51 8.66 5.56 6.47 0.53 2.48 4.97
double 11 2.14 5.03 4.06 6.05 9.35 5.31 5.95 1.16 6.91 7.34 4.97
char 11 t h f q f d a e i p p
double 13 1.43 9.73 5.43 8.16 0.34 4.06 0.59 7.45 4.49 9.22 3.76 0.35 9.95
double 13 1.52 6.03 6.13 0.22 0.63 4.27 5.56 8.53 6.75 2.7 8.62 3.06 5.1
bool 14 0 0 0 1 1 0 0 1 1 1 0 1 1 1
bool 16 0 0 0 1 0 0 0 0 0 1 1 0 0 0 1 0
int 16 12 76 1 94 75 21 78 78 23 33 6 68 41 1 76 83
bool 17 0 1 1 0 0 0 1 0 0 0 0 0 1 1 1 0 0
char 18 i a k s m f i a d m d d m b j b g n
double 19 4.28 5.09 8.67 8.41 4.37 7.73 8.49 0.67 9.18 4.71 1.58 1.89 6.41 8.78 5.26 2.79 9.83 4.2 8.9
bool 19 1 1 0 1 0 1 0 0 0 0 1 1 1 0 1 0 1 1 1
bool 19 1 1 0 1 0 1 1 0 0 0 1 1 0 1 0 0 1 0 1
bool 20 0 0 1 1 1 1 1 0 0 0 1 1 0 1 1 1 1 1 0 1
double 25 5.03 0.91 1.49 7.69 2.28 6.23 0.31 1.54 0.85 7.64 6.96 8.81 5.86 9.35 3.02 0.54 0.29 7.01 9.6 7.18 7.66 8.75 0.5 6.93 0.1
bool 25 1 0 1 1 1 0 1 0 1 0 0 0 0 0 1 1 1 0 1 1 0 1 0 1 1
int 26 75 60 29 66 4 92 72 74 80 44 10 16 7 48 68 11 30 58 51 52 88 91 48 42 78 8
double 27 4.92 8.73 8.03 2.64 6.51 1.26 7.08 7.05 9.72 1.42 5.88 4.42 7.65 2.99 2.74 2 9.09 1.69 9.82 0.57 1.85 4.01 3.43 5.87 5.26 4.13 8.67
bool 29 0 0 1 1 0 1 1 0 0 0 0 0 1 0 0 0 0 0 0 1 1 0 1 1 0 1 1 0 1
bool 30 1 0 1 0 1 1 1 1 1 0 0 1 1 0 1 1 1 0 0 0 0 0 1 1 1 0 0 1 0 0
bool 30 0 1 0 1 0 1 1 0 0 1 1 0 0 1 1 0 1 0 0 0 0 1 1 0 1 0 1 1 1 1
int 30 57 53 86 93 34 83 27 78 10 43 3 53 68 48 12 54 97 36 9 34 72 39 72 58 38 34 49 67 96 79
bool 31 1 0 1 0 0 1 0 0 1 0 0 1 0 1 0 0 0 0 0 0 0 1 1 0 0 1 0 0 0 0 1
bool 32 1 0 1 1 0 0 0 0 0 0 1 1 0 1 0 0 0 1 1 1 1 1 1 0 0 0 1 1 0 0 1 1
double 34 4.18 7.21 0.95 1.86 1.41 6.21 2.28 4.36 9.93 6.91 7.44 0.78 0.89 0.8 5.82 8.7 5.6 6.61 3.21 2.09 2.99 0.14 7.49 6.51 5.02 5.9 4.45 6.89 6.39 5.23 6.8 2.68 1.92 4.11
bool 34 1 1 1 1 1 1 0 0 1 0 0 0 1 1 1 0 1 0 0 0 0 0 0 1 1 0 1 1 1 0 0 0 0 0
char 35 b q k j f m l j n n p p n b i k p j c h f a h n f d q i m r o n t o a
bool 36 1 1 1 0 1 0 1 0 1 1 1 0 1 0 0 1 0 1 0 0 0 1 0 0 1 0 1 0 0 1 1 0 1 0 1 1
bool 37 0 1 0 1 1 1 1 1 0 0 1 0 0 1 0 0 1 1 1 1 1 1 1 0 0 0 0 0 0 1 0 1 1 1 1 0 1
double 37 2.9 6.71 3.25 6.64 3.16 1.39 1.63 8.86 3.25 7.83 7.22 0.67 0.17 4.32 9.42 0.83 8.82 5.02 2.05 6.49 3.97 9.55 3.41 5.21 4.5 2.81 8.1 2.94 4.31 0.62 5.98 6.13 5.93 3.99 8.27 9.42 7.59
int 37 98 20 15 6 42 20 48 77 38 94 51 95 16 10 42 63 87 82 99 57 35 93 68 42 3 35 93 41 86 86 19 52 96 91 93 53 56
bool 40 1 1 1 1 1 1 0 1 0 1 1 0 0 0 1 0 0 0 1 1 1 0 0 1 1 0 1 0 0 1 1 1 1 0 1 0 0 0 1 0
double 41 6.48 3.9 1.02 0.03 6.64 2.42 1.3 8.74 5.84 8.63 2.51 6.93 8.07 2.04 3.93 2.18 1.84 9.32 0.62 9.01 0.17 1.09 5.95 3.14 6.69 1.23 7.6 2.24 3.36 7.94 2.14 3.5 6.22 1.22 3 7.49 5.58 0.5 4.18 1.04 9.06
int 43 58 29 76 40 66 48 73 6 3 7 65 6 26 59 76 93 93 62 77 27 4 70 28 77 47 91 42 80 44 79 9 62 75 30 19 95 51 68 89 63 81 66 21
char 44 f a r b j l g r c m b g m b k e g k t g d m s g f q q k t e s n e k f k r m o n n n r i
double 46 7.9 8.02 9.18 3.62 2.34 5.28 2.91 8.04 8.86 6.7 8.19 2.21 6 0.51 0.03 9.48 0.33 7.04 8.9 3.85 6.24 3.01 8.13 2.42 6.71 2.82 7.86 5.7 5.75 2.89 7.22 2.66 1.09 7.5 2.69 7.61 6.54 7.23 6.01 7.87 2.25 3.97 6.25 5.56 4.25 7.62
int 46 85 29 77 56 48 34 44 38 22 63 14 33 40 87 83 18 17 69 35 13 81 18 52 34 33 32 73 34 56 96 75 18 20 86 93 74 58 30 67 16 94 29 99 56 82 52
bool 47 1 1 0 1 1 0 0 1 0 1 1 1 1 1 1 1 1 0 0 0 0 0 1 0 0 0 1 0 1 1 0 1 1 0 0 1 0 1 1 1 0 0 0 0 0 0 0
char 50 p t d q m j d b j c b t h c p s t b b t t d p s a h b n f i i i q r k q g p o p q f n m o h c l r o
char 51 n c t e n p j f m o e t q l e t g m l f t b d j p h n j r n n o j l i j n j m k m l c c t i j b q h l
char 52 h l s c s n s t i n r i f m l k a l n p o p o e s i a g i r p g g f a r d s r f o d f k b j o c g h a g
int 52 4 15 91 13 48 7 78 77 50 31 99 63 95 20 45 62 30 4 49 48 91 60 62 2 36 67 33 12 18 41 53 52 65 65 80 74 36 52 54 77 87 63 66 44 23 12 49 28 81 35 36 44
int 52 5 82 2 6 42 62 45 82 73 44 59 93 18 13 95 13 8 54 16 64 26 3 91 7 20 53 78 9 56 93 61 74 92 81 20 27 99 17 30 87 68 69 51 92 72 44 10 94 76 2 1 83
double 53 0.95 3.28 5.11 5.79 2.34 5.37 1.03 8.01 4.31 5.8 2.78 5.8 9.71 1.26 6.09 1.1 7.72 0.05 9.94 7.95 3.39 7.77 8.18 6.47 5.51 3 1.4 1.21 2.29 2.51 1.32 2.43 4.73 4.36 0.88 2.52 8.64 4.55 5.4 8.93 4.61 7.26 8.67 9.65 8.24 3.88 1.19 5.47 9.68 4.58 8.18 9.03 2.9
double 53 3.81 8.76 4.32 4.94 3.57 7.43 2.54 8.45 5.42 1.55 8.84 7.35 0.26 6.73 8.84 5.25 0.55 8.35 3.22 9.63 0.14 4.15 1.29 8.37 4.22 0.43 0.39 1.94 6.04 9.61 1.34 1.67 8.31 8.9 5.02 6.74 7.61 6.14 7.96 8.66 8.95 0.63 1.36 4.53 5.66 5.38 0.68 2.24 2.6 3.54 2.69 9.57 4.26
bool 53 0 1 1 1 0 1 1 1 0 1 0 0 1 0 1 1 0 0 0 1 0 1 1 1 0 0 1 0 0 1 1 1 1 1 1 1 0 0 0 0 1 0 0 1 1 1 1 0 0 1 1 0 0
int 55 58 92 9 77 25 58 96 65 71 72 66 76 83 28 2 45 13 71 94 90 93 85 36 46 51 95 60 15 86 65 41 22 33 71 59 93 50 74 3 9 23 79 48 47 92 70 61 51 95 58 33 89 85 47 36
char 56 r q b o a b q i m n t a b s e l g g i p t h p f q k t l c a e b r k l p d n k h k d h p t m l k a r q t f g r i
int 56 63 86 71 17 38 94 5 95 87 66 43 49 10 53 2 70 56 20 43 32 89 30 7 21 11 32 34 70 20 90 41 46 99 31 10 56 41 53 31 88 33 31 74 2 27 7 68 62 20 65 93 47 33 56 56 56
bool 56 1 1 0 1 0 0 0 1 1 1 0 1 1 1 0 0 1 0 0 0 0 1 1 1 1 1 1 1 0 0 1 0 1 1 0 0 1 0 1 0 1 0 1 0 1 0 1 1 1 0 0 0 0 1 1 0
double 57 5 7.06 4 0.54 3.29 2.47 6.64 4.29 6.87 0.54 5.26 4.2 3.24 3.47 9.55 3.65 9.62 6.09 7.8 8.41 8.33 6.11 7.04 9.92 9.34 6.06 8.83 8.09 1.53 2.38 9.84 0.9 0.12 5.5 6.29 9.95 7.69 6 8.23 1.85 9.42 1 5.69 1.19 3.83 2.94 8.12 5.01 5.19 1.36 7.4 4.85 0.63 6.51 8.2 3.77 2.78
char 58 i d i r j a f b o d e k a j k l c c g i a n q c a i j m h d e l k l c e o p g p c t p b b k p r g e a d l p k a e t
bool 58 0 1 1 0 1 1 0 0 1 0 0 1 1 0 1 1 0 0 1 0 1 0 0 0 0 1 1 1 1 0 0 1 1 1 1 1 1 1 1 0 0 1 1 0 0 0 0 1 1 0 1 1 0 0 1 0 0 0
char 59 a o s m g b q b n c j b e a p l o h f j r p r n o l k t f m i t d b j i b d a g e d p i g r c b r l e k l o l r g n g
double 59 9.24 2.3 6.62 3.96 3.9 9.79 8.25 2.12 9.36 2.71 8.46 5.21 0.64 7.57 3.19 3.5 8.62 5.04 5.36 2.21 5.98 2.29 3.81 5.29 7.88 3.5 2.62 3.94 4.82 8.13 1.63 3.6 8.58 4.03 8.47 6.89 3.56 4.59 2.4 5.9 2.48 8.58 9.59 6.74 7.83 7.67 3.34 1.25 5.25 0.41 4.56 2.81 1.89 2.16 2.84 6.49 5.32 9.98 5.68
char 61 j c b p p e j j g s e a n d g m c g i g p c i t i t h h r l p c h g t q r g r m i p t i j c h m s g e f t b k i r q o i t
double 61 1.12 6.58 4.87 1.23 8.85 8.65 6.01 2.6 9.75 8.13 7.08 0.96 9.12 8.26 8.35 3.1 2.46 9.39 4.05 2.35 2.53 6.89 7.85 8.04 1.14 2.52 4.89 9.76 7.36 6.01 8.74 6.8 2.75 6.52 0.93 7.53 6.55 0.49 6.03 4.1 3.31 8.89 0.32 8.15 5.08 9.95 6.04 3.72 1.71 5.33 8.76 8 4.18 9.95 7.67 3.64 1.1 2.5 2.42 4.13 3.24
char 62 m t q c g o a d l a m l j i a i e l j o r b h m l e p t f c p d q a d f h g b f e q g o s q o t i t s a f o r i g i p f b i
bool 65 1 1 1 1 1 0 0 1 1 0 1 1 1 1 0 1 1 0 1 0 1 0 0 1 1 0 0 1 1 0 1 0 1 0 0 1 1 1 0 0 1 0 1 0 0 0 0 0 0 0 1 0 0 1 1 0 1 0 0 1 0 1 1 1 0
bool 66 1 1 1 0 0 1 1 0 1 0 0 0 1 1 1 1 0 1 0 0 1 0 1 0 1 1 1 0 1 1 1 1 0 1 0 1 1 1 1 1 0 0 0 0 0 1 0 1 0 0 0 1 1 1 1 1 0 0 0 0 1 1 1 0 1 0
int 67 32 24 89 37 58 21 56 46 60 38 83 13 73 85 30 58 90 1 33 95 89 85 49 54 38 36 51 92 82 52 84 24 23 49 6 46 77 25 48 33 33 6 74 12 19 93 60 88 49 17 63 74 74 65 26 41 22 51 69 97 31 23 33 92 86 77 27
bool 68 1 1 0 0 0 1 1 0 1 0 0 1 0 0 1 1 1 1 0 1 0 0 1 0 1 1 1 0 0 0 1 0 1 1 1 1 0 1 1 0 0 1 1 0 1 0 0 0 0 0 0 0 1 0 1 0 1 1 0 0 1 0 1 0 0 1 1 0
int 69 96 75 95 45 55 3 26 56 86 62 13 96 60 16 31 50 83 61 58 5 25 45 8 11 18 38 92 3 87 25 64 81 11 44 49 12 67 34 28 88 70 47 21 45 77 65 43 60 1 79 7 30 99 98 70 21 20 28 16 62 3 16 73 37 60 18 61 38 92
int 70 74 82 60 51 91 42 15 40 9 23 90 26 46 15 23 46 36 17 24 90 89 42 39 56 17 29 80 85 54 52 80 25 20 83 49 3 41 47 72 5 62 93 85 98 17 53 63 49 63 73 57 81 48 3 7 50 22 84 88 89 44 92 80 56 98 27 78 96 63 25
double 71 2.54 5.54 4.06 3.7 9.02 2.63 6.32 6.03 0.68 5.67 6.18 6.54 3.09 1.16 8.14 1.19 7.84 0.59 7.09 2.04 3.76 0.61 3.92 8.32 0.4 2.7 7.9 0.72 4.99 0.74 0.44 7.6 0.86 7.27 1.18 2.12 8.1 5.85 7.15 7.85 1 4.37 3.82 8.12 0.72 4.14 2.29 9.07 5.32 4.82 7.98 3.04 7.01 3.23 4.53 9.93 0.07 2.12 5.14 0.59 6.62 7.93 4.9 5.57 9.96 6.04 8.5 3.67 0.29 6.22 6.9
int 73 88 40 99 42 11 29 52 70 90 21 86 75 47 81 27 61 14 72 86 35 72 26 99 83 83 21 37 37 75 17 62 94 11 28 9 72 52 6 73 67 26 90 19 85 42 31 28 68 16 70 18 36 48 70 90 96 55 1 30 95 35 28 83 26 74 59 72 49 6 44 20 31 68
int 75 10 71 39 78 50 3 88 57 1 7 28 9 15 64 33 90 15 17 75 71 69 80 44 83 23 86 66 35 83 5 81 23 97 55 38 42 89 14 32 74 42 60 80 14 30 34 85 75 96 50 44 6 49 79 72 96 92 95 2 30 13 88 26 27 21 84 41 96 30 43 72 37 86 23 26
char 75 b j a i c e d p e n e l f t l r f d r b j n h g i c h i j g b j h l d m g m p d p h e r r i e q h d a q f g j r m m s a j d i c l b r m d f a g r n e
double 80 0.34 1.99 4.37 7.05 7.09 8.19 2 7.65 0.69 8.88 7.58 3.65 0.27 3.39 6.28 8.58 2.79 2.12 8.14 9.15 4.5 1.72 7.93 5.8 6.71 7.58 3.94 1.72 1.94 3.88 4.78 0.84 6.82 4.82 5.39 2.96 7.56 0.91 4.35 3.16 9.6 9.43 1.42 4.41 3.37 8.82 8.14 0.34 9.59 2.54 7.93 2.84 6.07 0.13 5.32 3.07 7.9 1.35 4.88 3.05 5.34 3.46 4.51 8.72 2.21 9.28 3.93 1.16 8.08 3.8 7.16 2.42 3.61 0.12 4.37 6.58 9.88 6.64 7.23 6.59
double 82 9.05 0.76 4.03 3.49 8.44 2.87 4.19 6.37 4.6 8.26 5.99 3.3 4.41 2.91 0.32 1.81 1.14 7.01 7.26 0.61 9.39 9.22 5.76 6.81 0.77 1.14 0.25 5.49 9.06 6.9 6.99 9.49 2.58 5.21 0.55 4.59 1.38 9.96 8.38 2.58 1.26 0.97 6.06 3.31 2.67 6.29 5.82 5.72 6.33 3.28 5.81 5.2 9.98 3.17 7.34 9.34 9.43 4.96 4.19 9.37 3.62 3.88 4.24 0.3 9.3 7.79 8.07 5.18 4.53 0.58 8.65 1.73 1.4 5.93 2.79 1.53 9.12 0.02 8.45 2.58 7.2 1.08
bool 82 1 0 1 0 0 0 0 1 0 0 0 0 1 1 1 1 0 0 1 1 0 0 1 1 0 1 0 0 0 1 1 1 1 0 1 1 1 0 1 0 0 1 1 1 0 0 1 1 1 0 0 0 1 1 0 0 0 1 0 0 0 1 1 0 1 0 1 0 0 1 1 1 1 1 0 0 0 0 1 0 0 0
bool 84 0 0 0 0 1 0 0 1 1 0 1 1 1 1 0 0 1 1 0 0 0 1 1 0 1 1 1 0 1 1 1 0 1 0 0 1 1 1 0 0 0 1 1 0 0 0 1 0 0 1 1 0 1 1 1 0 0 0 0 1 0 0 0 1 1 1 0 0 0 0 1 1 1 0 1 0 1 0 0 1 1 1 0 1
char 86 o f e a g o r k o m p s r f o r i s b s p g n s c a s l m o p c e e i e h d e r n c i p b h i t p d l q s g k m p h n m b t j r g p g q g g k a b m b n k t t l f j o e l t
double 87 7.12 0.09 3.32 2.84 7.33 0.98 6.76 6.62 8.3 5.27 5.92 4.89 6.71 9.71 0.97 3.77 7.04 3.17 6.7 9.68 6.56 4 1.24 6.23 2.76 8.82 7.37 7.17 4.79 7.3 8.96 2.4 3.58 1.45 7.33 1.15 7.18 1.45 3.3 1.3 6.93 8.71 7.62 8.88 8.68 6.71 7.39 5.42 8.12 5.82 0.61 0.53 4 9.52 8.5 5.54 5.95 3.06 6.73 2.54 4.28 6.74 0.64 9.28 5.43 0.67 2.45 3.13 6.82 5.65 2.39 4.78 2.42 0.04 4.61 1.92 5.86 6.1 0.8 6.71 8.43 2.3 9.79 4.12 4.25 0.04 7.95
int 89 74 4 52 28 91 35 96 26 36 65 36 9 39 47 15 13 51 75 51 9 58 77 68 3 16 21 78 6 44 87 59 1 32 63 28 85 29 77 21 53 88 95 55 26 86 78 80 87 47 92 24 4 68 43 45 36 58 63 11 39 69 34 67 43 81 43 75 79 17 58 51 66 59 14 6 49 61 78 26 10 88 74 93 24 35 70 40 8 43
bool 89 0 1 0 0 1 1 0 0 0 1 0 0 0 0 0 0 1 1 1 1 0 0 1 1 0 0 1 1 0 1 0 0 1 0 1 1 0 1 1 0 1 1 0 1 0 1 1 1 1 0 1 0 1 0 1 0 0 1 0 0 1 0 1 1 0 1 1 1 1 0 0 1 1 0 0 0 1 0 1 0 0 1 0 0 1 1 1 1 1
bool 90 0 0 1 0 1 1 0 0 1 0 1 0 0 1 1 1 1 1 1 1 0 1 0 1 1 0 0 0 0 1 1 0 1 1 0 1 1 0 0 1 0 0 0 1 1 1 1 1 1 1 1 1 0 0 1 0 0 0 0 0 0 0 0 1 0 1 0 1 0 0 0 0 1 0 0 0 1 1 0 1 1 0 1 1 1 0 1 0 0 0
char 90 s m d b j a c r e a d t b d b f g m f k g t c l i m c m t e g k g j h f t f p c p m m h i m f l q l d n o a j m j n b t g k a f f d e c i f g i g d m i p f l e b m m b j m e k s d
int 92 26 90 32 53 2 87 77 93 71 1 64 58 82 57 63 27 48 63 95 38 69 58 69 62 90 32 70 67 86 20 26 53 73 18 35 76 68 88 91 30 82 23 28 34 89 40 79 17 19 73 21 85 82 68 29 46 94 46 69 94 31 1 82 5 94 85 1 15 62 76 60 8 1 88 78 98 77 50 59 2 65 62 82 34 86 34 6 24 2 67 69 21
char 93 d d h a i r r h d d d s j s b a n g t n f j b a i i r c a a m c g f i c q m p a i s d c e d t k m s q n n i p c a m m b h h h s o e f s n e r e c b q r b p e i r b q q e i j f h a b f d
int 95 63 71 47 6 4 47 20 9 37 68 91 31 8 51 99 52 5 35 73 65 49 63 39 97 25 70 29 85 21 43 97 48 59 46 62 98 74 86 73 1 29 27 27 72 32 52 18 65 40 1 23 70 68 33 53 61 75 10 4 62 21 7 42 86 80 61 87 30 98 11 81 74 20 45 34 15 85 6 49 70 24 8 76 70 19 13 92 87 1 29 1 15 94 12 40
bool 95 1 1 0 1 0 1 1 1 0 0 1 1 0 1 1 0 0 1 1 1 0 0 1 0 0 0 0 1 0 0 1 1 0 0 1 0 0 1 1 1 1 1 1 1 1 0 1 1 0 1 1 1 0 0 0 0 1 1 0 1 1 0 1 1 0 0 0 0 0 0 0 0 1 0 1 0 0 0 0 1 1 1 0 0 0 0 0 0 0 1 0 1 0 0 0
double 96 0.92 8.64 5.94 3.58 4.76 6.65 9.61 1.89 4.46 1.48 8.49 9.08 5.12 1.29 0.03 9.64 1.26 6.21 7.76 1.19 2.07 1.22 1.69 4.5 1.77 0.85 8.58 7.08 1.61 9.6 6.87 0.95 0.64 1.04 5.66 1.81 9.71 3.48 2.12 5.49 7.25 8.79 8.8 1.27 9.58 8.1 2.46 6.93 0.25 6.55 8.16 6.62 9.38 3.75 5.18 7.41 5.33 6.19 5.12 5.25 0.58 5.24 0.35 2.2 1.78 0.5 3.53 4.72 0.03 4.48 3.59 4.33 3.61 8.89 5.95 2.4 4.39 9.85 4.16 1.92 6.85 8.17 2.71 5.58 9.46 1.71 2.93 3.92 4.66 6.22 3.3 7.69 0.55 9.43 8.1 7.75
bool 97 1 0 1 1 0 0 1 1 1 1 1 0 1 1 1 0 0 1 0 1 1 1 1 0 0 1 1 0 0 0 0 1 0 1 0 0 0 0 1 1 1 1 1 0 1 1 0 1 0 1 1 0 0 1 1 0 0 1 1 1 0 1 0 1 1 1 0 1 0 0 1 1 1 1 0 1 0 1 1 1 0 1 1 1 0 0 0 1 1 0 1 0 1 1 1 1 1
int 98 31 87 96 1 64 92 75 83 37 79 47 54 2 22 3 22 57 58 36 1 41 61 67 53 55 90 43 83 34 16 63 58 20 70 18 41 51 6 91 11 71 40 52 86 98 23 2 60 66 17 24 37 88 40 24 66 34 79 46 89 5 49 65 52 12 5 61 62 77 89 34 38 23 7 34 29 34 35 22 17 93 14 17 92 75 56 47 65 81 17 73 45 83 35 15 5 87 80
char 98 c m o d k g s o a f q b a d r i m b t i d b h h s k a p p d k t f k r r q f n t a f c k k k s c i r m o e e f o l n s j g a d q c h s n q b c g h f f h f i d i d e t c i a k e g q l q i b j l b t
double 99 6.15 4.69 8.94 9.08 2.34 2.22 0.6 5.69 6.4 4.6 7.63 9.93 5.44 3.04 9.4 5.95 0.05 0.97 9.84 6.42 0.62 5.53 2.53 4.04 5.11 4.38 2.77 1.3 0.27 6.93 6.39 9.25 5.62 8.23 0.83 3.03 6.3 3.07 3.73 7.53 5.95 8.6 8.7 1.35 6.06 8.11 9.04 5.59 0.39 6.12 6.07 9.41 9.6 8.9 8.13 4.33 0.69 1.73 2.77 2.18 9.22 6.34 3.19 8.42 6.21 4.01 2.33 5.68 6.68 5.49 5.99 2.18 7.41 1.28 1.1 6.14 6.37 6.32 0.46 1.92 2.94 2.67 4.6 8.62 8.18 7.08 9.67 9.85 3.03 4.11 2.66 9.88 9.93 7.2 4.71 9.9 6.96 9.49 4.43
bool 99 0 0 0 0 0 0 0 1 1 0 0 0 0 1 1 1 0 0 1 0 1 1 1 1 0 0 0 0 0 0 0 0 0 1 0 0 0 1 1 1 0 1 1 0 1 1 1 0 1 1 1 1 0 0 0 1 1 1 1 1 0 1 1 1 0 1 1 1 1 0 1 0 1 1 1 1 1 0 0 1 0 1 1 0 0 1 0 1 0 0 1 0 0 0 0 1 0 0 1
char 100 r d m g e m e h m r b c d a q s b f c s s j l t b r h t j m h r n t q l f h l k q l l r n o l s p j p d e d n c p h q h a g f g p i q f i f p t a o g a c s s s m a l e o f j a s h n q n p k l d m l c
char 101 p n s t c j f e f o f b a k t e h j t t p c s s h s d o l p e g f h d e l h k o t c j d q f l i s s o d p c p l i p e c i p c f j o p j d i a d k b i h f k n c i q e i a l a a m h m p m n t b d r e m b
bool 102 1 0 0 1 1 0 0 0 1 1 0 0 0 0 1 0 1 0 0 1 0 0 0 0 1 0 0 1 0 0 0 1 0 0 1 1 0 0 0 0 0 0 0 0 1 1 0 1 1 1 1 0 0 1 1 1 0 1 0 1 1 1 1 1 1 1 1 0 1 1 1 0 0 0 1 0 0 1 1 1 1 0 1 0 1 0 1 0 1 1 1 0 1 1 1 0 0 1 1 0 0 1
char 102 a o i n d h o a q t d l c d l f a m s o f b t t b j e o d p k s d c n j j l c h h g l o a p s h c g k c r c d m m s t q s c c k o s f r q k i o h n c r c f d l p f g l p b q o q s g a c h g r n c j a h f
int 102 57 69 83 26 69 9 99 1 12 48 74 62 82 88 49 19 91 51 83 7 55 47 32 95 58 63 16 32 34 9 40 2 78 60 68 73 47 3 32 51 60 95 80 49 11 25 64 28 81 24 41 12 57 52 62 87 50 1 50 93 63 2 7 42 13 30 10 76 49 76 83 2 10 24 62 89 47 48 94 59 43 89 79 64 24 62 63 16 17 10 71 36 92 71 58 88 23 84 72 38 58 88
char 104 q o g f b h q p t r k c i c j g e c j c r f g o c j f b n o a i h n n l e m j s q m p t b g o h r h p f f i s a d k c c q r q a k q f d i f k h c c i g p r k m m m g q g p h b b n o j k s k g c d g b a l i p
int 108 49 47 41 92 77 35 68 2 3 20 98 72 22 89 87 95 80 61 66 32 89 6 23 1 14 81 68 34 62 4 38 17 60 14 40 87 49 71 42 67 41 60 96 33 98 57 16 4 10 61 88 31 91 41 64 39 72 19 89 86 28 1 53 97 63 44 72 15 5 43 67 94 25 46 7 22 47 69 20 55 5 34 83 40 85 31 68 18 40 88 30 7 59 11 17 35 17 18 42 35 69 29 99 73 21 44 70 43
double 108 2.81 8.39 7.82 6.98 7.23 4.61 1.65 5.17 2.83 8.66 8.05 6.75 9.4 7.5 1.99 2.96 4.67 0.15 7.41 1.08 0.59 3.16 6.56 4.47 9.59 0.74 3.7 7.13 7.02 3.95 8.77 6.45 9.89 6.88 1.47 0.71 0.58 9.18 1.61 6.23 0.58 2.62 3.18 1.87 9.01 3.47 2.73 6.95 3.97 5.23 0.35 7.12 8.78 2.76 4.63 3.12 6.4 7.52 2.9 3.28 4.45 0.07 5.43 1.38 5.49 0.84 8.97 2.47 2.91 6.86 9 2.07 9.41 8.78 9.03 8.12 8.45 8.16 3.7 3.91 1.73 7.83 1.64 7.32 9.19 9.57 0.14 3.77 2.31 2.55 4.67 2.37 9.99 4.65 2.46 1.64 6.98 0.81 3.2 0.64 9.76 3.96 1.49 2.98 6.96 1.12 8.25 8.93
double 108 2.09 1.55 8.23 6.25 0.52 8.01 2.85 4.63 0.58 9.99 7.83 1.69 8.79 0.55 0.69 3.28 7.71 1.89 7.57 7.41 4.69 1.43 9.74 6.87 3.56 5.63 2.61 4.53 8.92 8.64 2.06 2.87 6.42 1.1 3.79 9.67 2.85 3.95 1.95 5.24 4.73 1.84 4.82 3.47 3.93 2.57 8.68 2.76 3.01 0.91 6.59 2.37 3.94 0.13 9.79 1.08 5.51 8.88 6.88 7.71 9.81 1.96 9.62 5.91 0.24 3.68 4.14 9.65 7.67 5.55 6.24 0.07 4.72 5.54 5.93 2.83 8.87 3.13 6.64 5.87 0.63 3.54 3.82 2.99 2.43 3.37 0.91 8.28 9.88 9.76 7.05 8.55 4.1 9.38 4.36 5.98 2.83 0.37 3.34 5.8 7.23 0.48 7.33 7.56 7.86 2.51 5.05 2.63
double 109 8.88 9.52 6.28 3.32 1.1 1.73 2.92 9.05 3.93 1.87 8.55 6.79 3.55 6.54 0.05 6.86 9.42 1.09 4.04 3.22 7.02 1.78 6.14 3.96 9.24 6.45 8.4 1.04 2.25 1.65 9.81 3.83 3.86 2.53 1.53 4.43 1.15 8.15 9.54 4.4 1.28 4.66 0.83 6.63 7.37 7.03 6.87 5.53 4.05 0.05 8.57 0.01 6.46 2.03 2.27 7.95 5.88 8.77 8.29 9.23 8.62 8 0.2 0.91 4.19 4.79 4.92 3.61 9.04 7.64 8.87 9.47 9.26 7.16 7.71 6.97 6.26 7.36 3.64 9.79 9.2 1.17 0.78 9.19 5.03 4.54 5.15 1.54 0.37 0.95 2.99 6.66 8.36 3.2 6.95 9.82 5.72 5.85 5.91 2.56 0.9 4.62 7.31 4.49 3.38 3.99 7.23 0.55 7.44
