int 10 postorder 91 508 748 273 168 579 207 56 451 166
int 11 postorder 580 64 170 179 667 977 399 969 919 364 488
int 12 preorder 394 132 492 77 928 330 927 868 194 256 302 600
int 14 postorder 335 546 244 813 473 400 14 205 759 875 850 814 498 655
int 16 postorder 304 392 633 564 712 195 420 344 575 809 33 244 77 69 856 799
int 17 postorder 460 388 961 215 85 981 452 988 541 463 141 440 570 546 485 196 836
int 17 inorder 966 133 497 704 861 100 549 381 388 2 491 26 97 177 151 275 728
int 19 inorder 853 392 466 310 782 788 568 566 750 438 361 945 698 476 458 905 95 903 223
int 19 inorder 403 766 822 725 846 139 550 307 17 777 590 41 871 439 108 360 197 698 223
int 20 inorder 41 583 692 710 976 720 365 758 562 224 449 168 579 271 960 399 324 351 828 30
int 20 postorder 497 233 199 519 96 293 916 964 513 641 694 122 357 294 540 501 768 332 721 930
int 22 postorder 226 765 887 628 882 961 363 962 807 669 528 99 300 85 400 970 635 681 402 686 588 412
int 22 postorder 169 897 601 387 793 251 527 294 213 162 982 609 443 323 561 143 623 200 662 677 81 655
int 24 inorder 623 889 199 133 234 233 248 688 985 270 102 845 325 808 904 92 282 91 560 960 468 703 158 453
int 24 preorder 886 95 703 164 416 918 685 981 904 5 837 716 369 915 701 949 180 168 8 668 219 31 919 328
int 26 postorder 722 197 256 967 736 937 887 125 545 596 303 416 348 915 883 384 746 962 942 543 595 578 218 702 402 873
int 27 postorder 26 791 666 888 695 993 18 145 752 103 959 141 69 714 735 336 143 119 444 197 932 700 781 881 525 57 351
int 27 preorder 436 22 171 379 420 225 687 277 617 567 416 977 216 932 841 791 239 421 823 759 182 403 706 988 293 997 748
int 28 postorder 543 659 858 186 956 72 36 578 373 525 992 165 589 40 667 822 333 98 644 220 324 322 458 446 733 610 135 8
int 29 preorder 621 989 566 251 51 305 651 788 155 11 341 4 954 900 116 669 186 370 628 968 539 646 597 932 436 686 433 866 83
int 31 postorder 994 609 305 642 615 30 557 480 387 113 605 800 195 426 550 679 156 915 876 882 483 60 68 182 396 420 48 31 246 78 857
int 32 postorder 743 164 103 627 907 915 158 475 130 306 64 864 664 628 689 738 835 992 307 549 244 373 861 386 223 625 154 640 286 603 809 696
int 33 inorder 26 437 797 144 708 563 218 866 237 234 791 65 309 405 881 631 826 499 613 864 963 491 905 595 643 824 767 342 939 811 671 28 53
int 33 inorder 61 757 934 1 484 652 254 764 707 808 31 658 280 247 499 519 377 211 734 542 731 523 521 720 698 358 390 847 930 472 938 319 572
int 34 inorder 240 544 820 833 551 832 749 571 268 476 854 682 477 111 685 937 399 527 722 270 499 246 983 345 562 813 632 498 24 60 227 870 249 8
int 36 preorder 350 285 682 585 787 99 783 252 71 89 509 210 744 496 478 10 678 495 512 239 508 799 927 992 694 929 829 786 748 53 364 73 490 363 298 577
int 36 inorder 947 839 631 278 168 708 74 477 333 498 661 305 387 360 215 417 326 166 822 357 541 259 265 20 675 854 852 868 787 375 106 255 146 858 8 537
int 36 postorder 930 36 441 181 360 428 124 89 638 52 21 302 355 827 665 244 805 670 507 869 865 432 390 456 446 22 993 165 528 899 761 555 942 407 44 429
int 37 inorder 168 851 229 697 362 832 638 456 313 441 458 368 409 826 662 844 729 135 48 758 448 496 802 666 971 620 582 787 928 83 391 711 724 348 960 554 592
int 39 preorder 792 294 631 385 598 672 771 962 981 189 136 510 199 260 978 126 628 929 389 972 680 90 244 851 134 166 420 650 847 438 581 419 355 388 988 538 386 620 816
int 41 preorder 648 159 769 835 740 475 788 158 894 28 895 385 411 365 983 341 420 65 919 123 978 442 896 975 675 535 98 473 150 719 287 557 635 784 182 461 573 218 793 451 688
double 42 preorder 0.6 0.01 3.48 2.56 0.93 6.9 3.54 7.69 1.59 9.63 7.83 4.89 4.2 9.12 1.01 1.39 6.27 2.44 0.97 0.61 5.63 7.82 1.1 9.33 3.07 3.42 5.32 8.76 4.83 7.65 2.05 4.91 4.15 0.09 4.46 3.23 0.99 4.63 4.04 3.32 4.35 8.78
double 42 inorder 8.19 9.84 8.49 8.13 3.16 9.71 3.37 8.66 9.85 4.72 0.03 5.16 9.55 0.06 1.83 9.07 1.28 1.86 8.09 2.84 1.48 6.87 6.6 0.17 3.02 0.18 9.76 9.52 4.15 0.86 0.11 0.19 3.3 2.42 6.29 8.71 6.75 5.48 6.51 0.66 1.9 0.5
int 43 preorder 814 832 754 193 354 949 382 730 298 560 102 937 244 645 717 359 624 818 291 906 639 479 340 672 557 109 471 898 568 772 91 33 846 261 489 687 39 273 239 217 587 961 461
double 44 postorder 8.26 4.48 6.39 2.23 1.19 5.85 0.87 1.76 7.56 9.39 1.82 5.98 7.67 0.16 0.02 0.06 2.94 6.41 3 5.64 3.46 9.82 0.86 5.22 1.64 7.55 3.39 5.56 0.13 7.77 2.64 2.97 4.3 3.27 2.47 8.8 7.97 2.96 8.63 5.14 1.31 4.91 2.18 5.34
double 44 inorder 3.95 2.34 0.91 1.33 4.54 3.36 5.2 8.22 1.78 5.88 7.28 8.71 4.8 8.41 8.21 8.81 3.85 1.42 1.47 1.87 6.28 1.88 5.38 6.62 6 8.39 8.94 0.34 3.39 3.62 6.57 3.4 4.95 4.96 4.72 6.03 7.56 0.56 1.08 9.53 5.33 2.5 7.35 6.44
int 45 preorder 169 732 778 821 802 580 15 698 76 215 827 130 907 477 944 432 598 797 71 280 710 561 424 973 674 761 878 140 121 338 107 624 386 344 947 249 89 220 290 221 110 885 124 836 731
double 47 preorder 9.23 8.52 9.64 9.45 9.66 8.59 5.51 7.62 0.93 1.28 9.25 2.62 0.81 7.86 7.35 9.04 5.47 2.13 3.23 7.96 8.77 8.25 3.82 3.21 7.21 9.42 4.98 5.49 6.73 3.63 1.93 6.01 4.51 6.35 4.15 5.29 6.72 6.38 4.69 5.83 8.64 6.13 4.33 1.82 7.93 8.21 8.58
int 48 inorder 685 752 869 111 600 423 290 202 150 298 515 832 125 366 135 63 191 329 355 351 323 96 65 129 483 204 725 238 470 748 759 313 85 480 980 453 172 373 227 840 102 130 974 200 357 879 764 913
double 48 inorder 3.31 8.7 0.56 7.9 6.2 2.37 0.64 1.13 2.65 6.47 1.77 9.88 8.75 5.82 3.52 3.78 5.59 6.85 6.76 8.13 4.71 1.59 6.21 2.36 3.99 2.19 8.41 6.67 2.45 4.83 9.5 6.41 5.74 1.28 6.26 3.71 5.34 9.77 6.98 6.72 6.87 3.7 2.18 7.09 3.18 3.44 6.01 3.13
int 48 preorder 934 842 358 927 517 740 729 125 194 705 655 766 380 82 115 681 135 633 357 315 805 257 734 755 448 723 401 882 843 55 971 919 496 200 299 336 444 291 34 4 522 869 300 525 471 978 161 464
double 49 postorder 7.06 4.97 8.72 0.05 8.46 9.15 7.65 0.6 6.41 2.31 6.23 3.12 1.3 5.31 2.8 6.65 9.47 2.18 5.69 1.85 1.06 0.26 1.48 3.42 9.45 8.51 8.57 9.05 1.34 2.63 9.86 6.67 2.87 7.23 4.09 1.35 0.88 7.62 6.5 4.84 8.41 9.04 7.08 5.79 8.86 2.42 8.05 3.05 8.59
int 50 postorder 456 413 631 11 603 440 766 113 914 348 627 468 537 73 384 593 546 937 462 349 866 681 154 868 881 368 891 667 80 207 913 759 186 400 214 738 883 918 872 68 490 175 839 158 210 418 338 933 774 836
double 51 postorder 0.36 0.21 4.23 2.15 8.76 0.99 5.35 4.59 9.65 7.83 7.89 3.88 4.81 2.9 3.72 3.27 3.95 4.72 8.46 5.3 3.41 8.34 0.34 7.75 5.18 4.98 7.02 6.98 1.47 5.86 4.56 2.76 8.45 9.68 6.87 1.72 2.86 6.73 1.11 9.51 7.55 1.42 1.3 2.93 9.07 1.1 7.29 4.07 1.6 4.16 2.38
double 51 inorder 7.91 4.19 0.44 0.3 4.07 2.63 2.86 0.43 6.35 9.24 9.04 8.41 4.4 7.21 4.72 1.07 7.39 7.55 2.18 9.03 3.17 4.83 2.16 0.04 0.76 6.75 4.79 2.32 5.06 3.94 7.24 2.94 2.2 8.7 1 4.65 9.35 8.49 7.02 6.84 9.89 5.77 5.62 7.87 3.43 5.17 5.15 2.73 2.54 1.8 6.96
double 52 preorder 0.2 9.54 7.25 3.31 9.81 6.58 4.36 2.13 1.8 7.29 3.66 2.15 3.67 3.27 3.44 0.65 1.42 7.08 5.48 5.63 9.67 7.05 1.64 6.63 0.29 3.64 6.86 6.05 2.85 5.6 7.2 5.29 3.65 4.76 8.69 6.56 0.05 9.26 7.23 0.12 7.86 4.4 1.54 8.24 7.98 5.94 5.23 1.1 5.33 0.47 2.81 7.95
double 54 postorder 6.5 8.9 1.89 2.73 3.55 2.9 9.91 5.96 3.06 1.84 1.61 5.8 0.81 3.18 9.22 4.77 4.33 6.27 3.74 0.69 6.45 0.05 3.98 2.57 4.36 9.15 4.94 0.32 2.91 1.22 4.52 0.39 6.12 0.86 3.04 2.28 7.67 3.08 5.65 7.18 7.17 1.4 7.06 8.88 5.48 9.13 3.71 9.63 8.25 8.84 4.09 6.03 4.19 5.24
double 55 preorder 2.39 4.85 5.24 5.64 9.33 9.88 0.31 8.07 2.7 7.24 0.52 3.84 7.37 3.59 4.82 4.51 7.52 2.93 3.81 8.65 0.44 1.13 0.17 7.69 3.86 8.12 1.85 1.31 1.7 1.26 2.88 7.73 6.17 1 1.33 8.28 9.21 6.56 7.16 9.85 3.58 2.08 5.59 8.16 0.92 8.19 4.24 1.84 1.9 6.02 1.01 9.91 7.51 9.58 2.68
double 56 inorder 3.96 7.86 6.79 9.15 0.84 7.91 4.09 8.99 3.19 9.53 5.06 5.77 6.07 8.41 3.36 6.76 0.47 4.08 7.31 8.4 7.65 2.13 5 1.7 5.93 1.43 1.9 2.23 1.44 4.27 5.14 5.08 4.19 0.6 6 3.57 0.46 4.36 2.37 8.39 1.61 2.9 8.12 0.88 5.3 3.09 1.33 4.54 1.11 1.14 5.38 3.07 9.98 9.04 0.66 5.76
int 57 postorder 308 259 808 681 320 55 910 244 518 111 832 187 164 822 388 239 976 378 943 967 68 463 672 480 448 479 746 189 784 528 313 230 736 50 855 835 554 916 450 492 394 682 227 296 902 768 950 386 312 190 514 157 715 830 342 723 834
int 58 postorder 927 572 400 970 171 3 743 810 889 105 744 898 494 626 324 611 459 317 215 499 654 697 429 851 302 394 341 27 304 843 561 378 185 521 724 366 947 881 628 218 86 149 5 409 476 597 560 649 966 690 78 373 473 320 160 118 837 351
double 59 preorder 2.85 6.95 6.05 9.83 1.16 7.76 9.52 3.32 6.48 1.13 8.06 9.89 5.24 8.83 2.58 1.84 1.99 8.73 3.99 9.3 7.84 3.97 4.53 7.9 9.58 8.92 0.97 6.18 0.72 3.7 3.16 3.01 2.73 0.28 6.03 4.55 4.76 1.1 0.43 2.67 3.46 4.57 9.8 7.23 6.59 2.96 8.76 2.29 4.44 6.14 1.67 9.92 9.82 0.35 0.84 0.52 1.11 6.58 1.43
double 60 preorder 6.95 6.07 0.05 7.26 1.72 3.52 2.61 8.92 9.21 9.62 8.2 8.86 9.76 4.79 3.35 8.72 8.49 9.59 7.43 2.42 4.24 8.59 6.33 2.94 0.97 7.56 1.38 6.14 6.79 2.1 1.12 6.58 4.87 1.23 8.85 8.65 6.01 2.6 9.75 8.13 7.08 0.96 9.12 8.26 8.35 3.1 2.46 9.39 4.05 2.35 2.53 6.89 7.85 8.04 1.14 2.52 4.89 7.36 8.74 6.8
double 61 postorder 4.93 9.56 4.66 5.79 7.54 0.75 3.58 3.29 3.77 1.75 1.2 3.86 1.79 0.16 4.01 5.48 4.89 8.36 2.27 9.52 2.99 6.27 1.32 5.42 9.61 9.78 2.77 5.65 4.38 6.7 2.34 8.69 3.53 5.01 1.04 1.39 3.23 6.77 8.62 2.95 4.1 1.57 4.28 3.03 8.49 2.18 3.57 9.02 0.39 4.03 8.37 7.79 3.8 5.8 9.2 5.94 7.38 7.58 5.57 2.67 8.28
double 61 postorder 8.38 5.51 7.01 4.34 4.16 9.52 8.13 7.7 7.66 1.03 1.29 0.51 4.1 1.96 6.95 2.58 9.55 6.66 7.3 4.89 3.96 8.26 1.73 0.45 0.97 9.35 4.45 2.99 1.62 4.27 3.5 8.93 7.97 0.13 8.48 9.45 5.06 1.49 5.77 4.46 1.56 1.27 3.53 2.25 8.08 2.53 3.94 8.9 3.04 6.97 8.69 6.23 2.94 2.75 4.86 7.37 1.82 6.03 4.83 6.8 9.4
double 62 inorder 0.35 9.13 4.64 1.14 3.44 9.9 1.76 7.37 3.6 1.05 1.34 0.83 6.79 3.55 0.6 5.6 3.33 7.31 6.53 7.77 6.99 7.06 1 4.61 8.84 1.23 8.03 4.5 5.01 1.13 7.6 3.05 3.4 7.26 8.47 2.28 5.66 1.54 0.55 7.08 2.81 8.98 8.91 2.16 9.74 7.56 6.7 4.42 9.44 8.55 0.76 1.53 4.39 8.36 2.58 9.86 9.22 0.49 4.08 1.47 5.44 7.11
int 62 preorder 600 549 939 430 71 283 545 903 912 383 516 847 554 558 208 226 414 973 937 853 194 173 609 89 214 465 638 305 200 943 425 965 704 101 669 401 100 238 196 906 202 834 55 552 341 167 284 829 667 514 482 823 350 742 342 181 989 819 695 174 199 689
double 66 preorder 2.48 3.69 1.83 2.13 9.19 2.77 5.06 6.65 6.93 2.07 6.44 6.78 7.94 8.78 5.4 4.86 1.97 1.21 3.53 3.88 0.02 7.82 9.69 9.72 7.19 0.23 8.33 5.59 4.37 5.86 8.25 6.98 6.89 7.52 5.29 7.86 1.01 6.2 5.58 1.58 5.64 7.28 1.08 8.38 0.55 1.98 1.99 6.76 8.36 6.52 6.85 6.17 2.73 7.72 0.94 7.2 4.71 0.19 1.72 8.92 6 2.67 8.75 2.94 9.82 0.6
double 68 preorder 3.26 3.93 1.75 1.06 9.25 0.1 6.12 9.32 2.59 9.66 6.07 5.63 3.3 1.45 4.97 2.16 5.42 6.58 0.02 0.39 5.12 9.78 6.16 2.34 8 0.14 8.14 7.62 4.81 7.68 7.47 3.34 4.67 1.97 2.23 2.71 7.56 6.34 3.41 8.95 3.82 2.18 5.18 2.36 5.66 5.41 1.92 3.35 7.98 3.81 8.24 5.65 1.67 5.49 3.33 9.12 7.48 0.08 4.27 6.69 9.31 3.53 3.58 5.2 5.39 7.34 3.8 1.8
double 68 postorder 5.78 1.34 4.74 1.55 6.54 0.7 1.88 5.64 2.48 4.59 9.47 6.64 0.78 4.36 0.5 2.27 8.72 7.95 2.94 0.01 7.89 7.43 7.87 4.43 0.83 9.41 5.47 4.21 3.88 7.59 4.22 7.63 3.75 7.88 9.1 3.34 4.33 7.2 2.51 1.79 1.49 9.44 1.68 1.53 5.16 1.25 6.88 5.58 8.7 9.72 9.77 5.25 9.33 2.55 7.8 4.84 8.07 6.11 2.54 6.69 0.54 6.56 3.98 4.64 4.78 9.27 6.34 5.04
int 70 preorder 939 543 33 419 458 83 900 945 784 379 997 715 795 326 226 608 24 596 417 550 896 772 838 659 981 400 372 209 131 950 345 232 927 296 56 431 185 43 279 192 181 286 602 727 976 723 827 116 177 482 726 434 987 665 579 360 359 397 708 714 669 683 755 576 343 87 121 573 62 888
double 70 preorder 5.39 2.44 9.54 7.95 2.57 4.36 1.21 7.88 1.9 3.84 7.46 0.35 7.42 1.62 6.99 6.13 8.78 4.58 1.08 2.98 8.37 0.65 1.76 2.61 0.55 3.34 1.29 8.68 1.3 0.81 2.45 5.81 6.31 7.66 9.61 4.12 7.44 8.25 4.59 3.71 3.6 2.31 8.02 8.13 3.56 3.77 6.11 1.24 8.93 4.55 4.61 4.52 9.01 5.63 5.61 9.19 6.12 7.31 5.88 1.26 8.01 9.05 0.18 8.97 0.12 4.48 6.21 5.25 4.14 2.62
int 71 postorder 465 315 257 52 877 377 665 540 457 633 342 286 25 499 330 485 660 890 853 891 775 303 364 413 772 37 246 192 248 837 23 830 547 746 203 952 250 464 536 140 190 337 768 908 942 161 141 189 406 752 370 169 349 130 85 986 954 682 380 943 430 823 863 90 991 855 806 267 563 83 291
double 71 inorder 5.01 6.76 1.9 4.03 9.42 2.99 0.22 6.47 8.4 5.71 3.38 0.16 9.43 4.26 0.97 8.58 6.31 8.5 9.93 2.05 9.56 1.74 2.43 7.57 7.04 7.38 6 0.27 4.05 0.15 7.69 3.9 9.82 4.1 4.13 4.11 9.21 4.72 0.13 4.44 5.88 4.65 6.35 7.1 8.41 3.42 5.61 2.77 6.74 8.67 3.43 3.32 6.99 1.73 9.88 5.63 5.11 9.11 7.42 6.83 0.87 6.32 3.13 2.12 3.39 2.8 5.6 7.28 4.94 1.92 4.55
double 72 preorder 6.97 6.41 1.31 7.4 4.21 7.69 9.74 4.12 9.89 7.48 5.18 2.38 4.25 0.41 6 2.81 1.52 5.96 0.22 9.78 8.05 5.29 3.36 3.82 2.43 7.95 3.85 8.96 8.52 5.3 4.58 8.18 6.02 0.69 9.43 9.56 8.33 6.37 0.75 3.08 1.83 7.43 8.59 2.06 0.43 8.03 5.06 5.58 6.42 2.47 6.22 9.02 0.26 9.59 8.74 1.98 1.99 7.66 5.43 7.98 0.61 2.51 2.1 2.9 7.22 5.53 2.67 3.65 8.98 1.17 8.22 0.63
int 72 preorder 602 487 158 347 508 530 803 752 45 646 389 676 144 99 591 654 967 929 994 247 399 946 754 317 140 511 562 289 620 521 968 947 69 518 879 756 381 912 210 767 112 220 535 976 189 314 128 554 983 771 310 101 316 446 282 934 624 712 906 587 339 704 404 565 10 79 830 719 857 892 262 153
int 74 postorder 320 733 679 564 681 960 492 279 378 707 618 682 124 827 787 940 690 390 982 317 831 802 256 375 586 263 181 852 717 487 781 769 555 506 210 986 582 829 30 216 67 839 74 68 310 212 828 163 489 173 237 991 879 423 526 204 565 773 816 587 583 377 151 731 907 751 600 167 353 259 19 633 478 44
int 77 inorder 989 737 176 386 958 560 432 977 324 536 785 155 923 552 724 96 417 452 372 964 117 70 5 586 439 236 422 170 954 806 981 223 516 720 909 692 57 467 673 485 900 239 246 90 547 647 539 10 203 132 521 294 583 708 931 605 679 351 151 187 491 191 790 129 762 420 356 577 764 440 663 710 998 391 556 658 885
double 79 preorder 3.41 0.95 1.79 2.55 2.6 4.46 7.99 2.43 3.67 2.69 5.71 0.27 9 6.61 1.49 2.92 7.43 2.14 4.88 2.53 8.77 1.15 6.1 3.34 3.13 6.27 4.85 1 2.01 3.84 0.59 5.27 0.13 3.28 8.41 2.5 3.16 0.81 3.43 9.42 9.66 4.81 9.95 7.05 5.6 2.8 8.57 4.3 9.82 6.75 4.69 4.58 9.14 5.39 2.72 5.19 6.16 7.23 6.37 1.63 5.97 1.54 2.29 6.71 7.51 3.95 3.03 6.99 1.84 3.25 1.21 1.23 9.78 6.83 4.04 9.77 3.69 9.23 8.24
double 80 inorder 9.35 6.8 5.69 2.16 4.58 9.9 5.91 1.44 3.62 6.02 9.86 9.22 3.06 8.48 9.62 5.81 2.43 7.24 8.9 3.61 2.63 3.8 5.72 1.41 4.07 1.16 0.19 3.29 4.44 2.31 3.69 4.37 0.14 2.8 8.3 5.52 7.8 9.67 7.64 6.26 3.74 5.87 0.75 3 4.56 7.08 8.29 3.65 0.27 3.72 0.95 9.42 0.37 8.09 1.32 4.19 8.79 2.28 3.36 0.64 9.56 2.55 2.32 5.6 0.55 8.73 9.81 5.77 8.67 9.88 5.61 5.25 4 8.35 4.21 6.16 0.7 1.19 5.18 2.83
int 81 preorder 965 41 285 311 403 271 484 117 936 938 177 51 561 83 691 592 535 943 331 858 302 448 552 765 816 493 418 846 94 419 624 277 690 478 517 806 447 543 579 149 657 747 407 441 801 488 740 485 308 346 262 426 170 703 49 31 916 463 73 367 91 283 235 47 515 109 787 40 351 476 412 85 909 284 501 698 777 187 211 200 265
double 81 preorder 4.55 1.98 4.56 5.56 3.88 9.6 2.86 4.71 1.74 0.3 1.25 5.21 6.52 3.74 7.43 4.93 4.98 3 8.51 0.14 9.75 5.25 0.97 4.21 4.29 7.18 5.09 4.79 8.38 4.92 4.65 0.82 0.04 6.24 6.62 3.55 8.34 9.35 5.88 1.7 3.84 4.54 3.33 0.89 3.73 9.19 5.92 3.98 0.4 8.25 2.27 7.92 3.03 1.19 6.17 2.67 5.44 0.26 1.38 9.86 2.93 3.25 2.08 8.94 5.65 0.77 2.32 8.78 8.47 6.15 7.84 4.09 0.15 5.16 1.77 2.06 1.79 2.02 7.26 6.13 1.46
double 82 postorder 1.53 1.59 2.19 6.19 5.33 2.91 6.7 0.2 7.68 7.19 3.92 0.68 9.06 4.73 9.59 3.36 6.53 3.77 9.04 2.43 1.25 9.08 3.96 1.9 2.02 7.06 6.36 3.23 2.99 5.1 4.3 0.27 6.71 2.15 0.99 1.76 2.8 6.9 5.11 7.77 2.92 9.86 8.06 4.4 5.17 4.67 9.79 6.37 4.32 6.41 9.17 9.88 7.81 6.68 4.98 7.89 0.09 0.47 2.37 3.75 4.28 2.98 2.95 8.6 3.48 5.37 6.87 3.54 2.13 8.78 3.29 7.45 5.72 8.37 3.55 5.68 9.68 7.37 4.37 7.72 8.48 0.5
double 83 inorder 0.95 1.44 6.13 3.5 7.63 0.44 8.88 8.17 3.95 2.98 8.44 2.54 7.14 3.65 8.54 0.91 4.8 9.8 0.83 8.61 7.91 3.46 6.29 1.24 1.77 7.22 5.94 4.05 6.57 1.3 1.21 5.44 3.86 2.03 0.89 7.66 5.45 9.38 1.28 6.61 8.59 5.58 7.81 4.36 8.01 9.03 3.77 0.78 7.6 3.68 9.62 2.36 4.79 4.65 3.49 7.44 4.84 3.7 9.7 3.39 8.11 2.59 4.41 4.92 7.53 0.36 1.09 6.23 1.2 3.47 7.88 9.9 9.66 8.41 1.91 2.86 8.53 6.92 3.24 8.84 7.01 9.69 1.81
double 84 inorder 9.33 8.85 1.6 5.41 4.18 3.55 4.37 5.72 9.53 9.59 7.84 8.01 4.56 5.87 9.83 9.57 2.73 0.45 5.49 8.21 9.58 7.99 0.78 2.29 4.27 7.54 9.35 6.17 6.83 4.3 3.21 6.4 1.55 2.48 0.65 6.05 9.02 9.23 6.39 8.98 7.9 4.11 6.04 8.87 9.95 1.19 0.5 3.29 7.98 7.53 9.72 6.77 2.67 2.2 6.13 6.07 0.04 7.74 7.48 0.54 3.59 8.27 3.25 9.62 7.41 0.93 3.53 8.66 4.35 7.4 6.28 2.05 5.28 7.79 2.56 1.53 8.93 6.47 3.09 2.7 0.11 3.5 6.81 8.16
double 85 preorder 7.12 4.15 4.39 7.76 0.14 6.54 9.96 9.59 0.54 4.16 2 6.56 4.38 6.25 8.01 8.77 1.28 3.01 3.32 5.44 2.36 8.67 8.04 9.8 6.14 6.78 3.34 6.5 4.43 9.63 4.71 5.37 8.15 7.37 4.25 3.44 6.16 7.79 3.3 8.52 3.88 6.84 4.37 3.4 3.18 5.9 4.69 3.8 9.77 0.17 7.91 0.46 7.19 5.07 3.61 4.65 9.36 4.72 4.83 7.45 9.41 4.64 8.23 5.41 4.98 2.06 7.64 9.98 6.13 0.02 2.69 3.92 5.73 8.36 8.93 9.18 7.18 8.48 0.8 7.38 9.25 5.87 8.86 4.32 0.87
int 86 preorder 111 86 366 188 754 606 740 260 587 455 429 200 233 40 886 197 369 477 324 17 400 56 703 767 302 59 902 311 322 478 932 357 744 474 170 57 799 185 976 81 175 449 227 143 719 742 456 480 80 663 751 891 221 680 242 705 37 168 636 147 950 658 161 790 984 522 412 946 901 716 129 671 937 138 28 285 787 73 126 270 189 133 411 146 903 842
double 87 inorder 7.77 5.54 8.7 0.74 8.4 8.77 1.5 9.49 4.13 3.82 4.98 9.13 8.25 6.06 9.6 7.22 4.59 7.44 2.8 2.93 6.16 4.94 2.79 9.67 5.17 6.46 7.58 9.15 6.86 6.93 7.87 8.07 9.45 0.03 3.62 3.32 3.43 3.73 2.58 5.15 8.61 6.67 3.81 3.37 1.51 8.6 4.36 1.29 2.09 1.73 1.9 1.34 6.57 2.73 8.35 6.09 5.07 1.03 1.21 3.57 1.14 0.97 6.07 1.77 7.96 7.29 3.15 6.58 2.78 4.3 1.91 0.5 8.1 5.61 8.97 5.81 6.84 7.8 6.51 0.69 9.2 3.07 7.98 1.19 9.61 2.99 2.23
double 88 postorder 5.13 9.46 6.47 5.37 2.92 2.39 8.31 4.27 0.19 5.74 8.3 3.42 1.86 1 4.42 9.01 0.49 4.2 7.52 2.71 6.95 9.06 2.17 1.49 9.71 2.74 9.14 9.89 6.76 2.35 6.32 0.63 4.99 5.83 3.34 8.89 8.2 9.22 5.07 8.58 8.72 5.67 7.22 8.46 9.93 6.19 6.4 8.06 9.54 7.84 6.82 4.52 3.1 6.2 1.47 4.69 0.33 8.48 4.3 8.92 2.65 4.33 5.27 6.59 5.94 7.34 1.2 4.36 5.77 4.54 4.94 3.45 0.36 7.3 2.09 7.32 3.05 8.75 6.5 1.74 1.8 7.05 5.71 7.09 3.51 5.66 1.73 9.23
double 88 postorder 7.53 1.03 8.7 7.73 1.13 3.49 7.17 3.72 7.56 4.04 7.02 1.02 2.9 8.55 2.67 8.2 5.51 6.56 2.39 2.86 6.43 4.37 2.69 5.73 0.91 6.83 6.2 3.83 1.79 8.77 0.2 1.91 6.95 6.81 1.65 5.61 0.92 2.83 6.16 1.27 5.86 4.5 7.59 8.98 7.06 7.3 4.43 4.7 8.1 3.85 4.91 8.26 9.59 7.61 9.42 9.74 9.12 4.09 9.37 8.89 5.43 9.93 7.85 1.34 2.59 7.22 8.85 2.22 8.13 0.88 8.03 2.11 7.5 1.07 0.96 8.43 4.53 8.64 6.55 7.08 5.2 5.48 9.8 4.93 0.98 5.69 3.24 4.67
int 88 inorder 123 895 198 399 182 102 473 851 409 908 704 380 245 816 463 724 346 488 285 453 615 802 421 292 343 513 258 625 854 783 934 876 214 331 330 784 878 576 747 443 870 641 785 569 16 26 812 391 66 240 725 327 896 442 460 448 591 505 48 151 431 579 370 450 29 698 561 11 645 772 241 530 108 371 790 873 748 474 481 989 670 923 337 504 706 535 27 900
double 91 preorder 7.89 6.48 6.41 4.76 7.15 7.68 7.9 0.04 2.5 9.7 1.13 9.11 4.06 9.15 0.74 8.61 9.55 0.91 9.59 7.27 0.64 9.67 4.4 5.65 4.32 5.24 4.94 2.87 8.65 2.11 4.2 2.45 1.06 3.34 1.53 5.68 8.27 6.25 8.64 3.03 9.17 0.53 3.56 9.23 7.96 6.85 5.44 8.84 6.38 3.68 3.53 5.64 3.5 0.61 5.76 1.58 1.12 0.59 4.95 2.34 1.35 3.55 6.89 4.37 7.12 4.24 9.07 4.75 4.46 2.57 2.92 6.55 8.48 2.61 2.62 6.92 1.21 1.97 5.21 5.02 3.46 8.39 0.76 0.13 0.63 2.13 4.49 7.8 7.21 9.32 9.3
int 91 inorder 826 780 796 238 561 67 262 1 762 776 987 706 649 92 360 174 604 838 988 840 313 971 298 885 588 882 430 465 937 678 727 795 14 249 48 606 894 921 414 469 296 397 851 282 111 233 70 188 131 482 540 318 409 605 392 504 281 951 88 750 43 897 746 101 918 154 941 381 268 314 178 411 806 668 569 323 24 508 90 488 616 293 330 574 847 714 914 529 701 594 626
double 92 preorder 1.34 7.29 1.78 9.96 3.72 8.91 6.96 8.7 9.86 8.2 1.18 4.05 5.56 7.25 8.72 6.92 4.34 0.3 1.95 4.84 6.3 6.29 7.79 0.15 2.61 4.91 2.02 4.57 7.02 6.26 0.56 2.15 5.22 6.16 1.98 8.39 0.25 1.81 4.2 5.09 4.99 8.52 3.7 2.75 5.98 5.9 3.96 2.76 2.99 6.71 9.24 8.32 0.48 5.84 8.97 5.24 7.23 1.05 2.32 8.43 5.65 7.68 3.76 7.6 6.02 0.26 4.04 8.1 4.75 9.83 4.77 5.45 8.65 7.64 5.78 4.03 9.16 2.79 2.28 2.9 2.13 9.68 2.33 4.54 9.45 5.27 5.28 2.4 6.72 8.08 6.85 5.86
int 94 postorder 835 184 998 435 104 254 162 543 427 916 927 252 91 355 393 419 599 618 947 264 488 780 402 368 519 859 204 37 637 801 239 424 573 136 319 83 698 858 499 164 613 561 763 126 363 789 260 274 545 374 297 303 911 813 681 323 654 453 516 680 489 619 623 179 430 857 892 34 711 107 638 578 233 843 370 760 257 380 228 326 32 864 644 387 949 818 687 930 480 524 774 262 515 177
int 94 inorder 376 802 290 32 898 518 270 964 127 416 432 74 536 303 405 403 255 900 604 617 707 685 629 750 835 799 769 945 539 94 700 316 944 670 721 996 947 610 514 781 29 150 104 27 401 350 231 112 612 923 53 697 998 701 803 636 950 284 173 937 616 627 456 44 413 426 310 925 853 874 858 978 626 493 763 649 790 464 467 315 280 938 585 869 578 298 476 146 3 795 984 609 54 500
double 95 preorder 8.89 6.22 0.3 7.58 9.91 8.22 7.05 1.5 1.83 9.24 9.32 3.09 8.58 6.75 5.25 7.77 4.2 8.15 1.13 9.37 4.61 9.54 4.96 5.78 4.41 1.05 2.68 8.29 0.77 8.56 3.66 2 7.69 2.1 8.08 6.34 0.94 9.93 4.03 6.41 0.59 1.16 9.87 6.1 9.33 2.4 3.39 0.56 1.92 8.7 4.88 2.23 5.08 3.65 4.58 5.43 1.06 6.17 7.85 7.62 9.26 5.05 5.48 3.11 2.84 2.69 9.42 2.99 7.7 2.93 9.21 1.75 2.34 1.11 2.04 7.61 7.47 5 2.56 1.25 1.34 8.52 5.18 3.14 5.84 0.54 6.93 6.99 2.39 7.89 2.12 2.22 4.01 9.35 4.89
double 96 postorder 6.02 7.23 1.52 1.9 9.61 6.42 6.68 7.44 7.95 0.18 9.97 6.2 4.56 4.58 9.06 0.14 3.67 4.84 2.78 1.19 3.12 8.22 9.23 7.26 6.74 9.03 2.21 9.56 0.35 0.5 8.43 3.63 2.18 7.83 1.11 3.77 8.11 6.01 5.78 8.16 2.6 7.71 0.66 9.17 8.4 7.46 6.79 4.4 9.31 2.81 0.24 3.57 8.15 1.24 1.63 9.15 1.07 8.76 1.43 7.53 8.38 2.82 1.44 8.54 7.47 2.49 3.38 1.06 1.48 5.41 2.86 2.47 2.29 9.57 7.28 8.37 9.86 7.49 9.5 6.12 2.07 5.95 4.27 5.34 2.53 0.06 3.75 4.68 4.23 6.14 5.71 3.94 6.47 2.63 5.18 9.96
double 97 inorder 1.26 7.41 9.54 8.51 9.43 5.09 9.68 8.68 4.71 8.18 0.47 6.26 7.82 2.41 7.38 7.54 0.98 2 0.87 5.57 8.62 0.74 6.35 8.28 9.06 5.51 9.31 4.96 5.56 5.92 7.95 9.98 6.76 0.5 7.69 9.51 8.82 4.26 1.4 3.28 5.36 3.18 3.19 6.98 9.41 4.85 4.46 5.17 7.61 6.04 6.96 0.84 7.13 5.18 6.18 5.43 6.77 8.53 7.74 5.34 5.86 9.29 2.24 2.03 6.93 0.29 3.89 6.21 0.97 6.34 9.76 9.35 7.24 4.54 7.72 2.16 3.86 3.13 8.17 6.86 4.68 8.99 8.46 3.72 6.63 8.79 8.75 4.12 2.91 7.28 5.48 7.77 0.25 7.12 4.56 0.34 4.63
double 97 postorder 2.24 0.71 0.74 3.55 6.67 5.09 9.03 8.18 1.86 7.74 8.8 4.87 1.06 1.37 5.49 2.44 7.49 6.89 6.27 6.38 9.45 7.96 0.04 1.54 7.65 2.92 8.85 0.69 3.94 9.88 0.49 1 2.76 3.35 6.69 7.91 1.75 3.72 2.75 0.34 9.05 2.39 4.48 0.44 5.89 3.37 8.21 9.75 4.95 2.73 9.24 4.96 6.45 3.75 4.32 5.74 4.13 0.9 1.12 8.41 1.73 7.46 4.81 8.2 0.36 3.56 0.76 0.42 3.43 6.03 1.65 5.33 6.05 2.78 4.45 4.38 6.56 0.63 9.07 9.32 1.82 9.18 7.47 2.56 8.95 3.36 8.92 4.03 4.46 9.56 2.88 5.24 6.18 7.66 4.71 1.22 1.02
int 99 postorder 586 958 625 225 969 676 770 353 842 513 129 839 914 881 122 885 899 257 109 917 79 288 643 651 632 448 757 786 583 602 753 981 207 867 645 173 792 711 312 294 687 693 939 357 682 429 539 536 410 262 558 252 819 70 280 845 354 233 10 499 468 268 516 622 871 112 579 936 62 324 875 61 152 631 459 629 997 238 708 285 704 277 83 149 224 963 654 307 824 347 148 623 868 403 301 244 125 718 434
int 101 inorder 70 734 636 750 851 671 514 354 197 980 532 832 856 216 489 818 457 94 161 769 125 42 93 592 562 553 986 266 721 681 739 88 613 260 273 195 254 394 839 307 376 948 1 336 421 944 362 585 878 476 597 657 509 577 987 956 375 393 65 388 612 824 993 268 533 81 31 232 382 961 250 919 823 847 398 952 694 173 348 379 879 294 653 885 740 271 402 333 939 387 968 241 321 274 846 164 536 731 937 891 252
int 102 postorder 831 439 829 230 449 901 867 259 880 543 741 690 448 768 698 423 305 757 59 836 309 540 7 875 308 273 680 97 789 500 406 682 200 895 514 211 756 228 87 195 979 188 984 315 410 296 930 813 763 53 184 464 779 794 122 950 10 584 268 442 592 156 16 294 796 295 232 69 418 615 758 272 933 870 850 614 323 594 897 981 609 88 623 451 36 822 183 971 472 940 371 298 816 591 322 775 815 824 494 241 613 531
int 102 preorder 492 444 785 60 302 257 525 199 610 701 242 12 927 704 546 491 606 316 764 330 454 826 925 272 554 403 580 772 434 151 618 685 890 648 939 597 559 111 641 647 670 755 839 423 802 117 101 44 40 615 353 843 364 665 792 357 668 632 829 908 152 861 817 586 485 55 227 322 258 627 544 887 342 391 646 727 860 313 110 211 347 974 904 816 169 378 138 388 536 75 535 4 929 177 341 545 626 842 528 732 468 864
int 104 postorder 969 977 767 665 410 63 567 351 346 708 858 377 714 240 532 100 842 990 891 733 418 95 676 3 819 39 478 574 91 631 308 234 104 86 236 307 327 98 209 461 419 232 8 405 783 771 938 388 239 172 133 832 328 748 963 803 727 314 103 489 75 473 283 38 823 92 669 950 135 350 510 944 914 438 993 753 757 528 740 666 493 679 499 357 728 919 516 152 416 543 51 989 945 383 84 915 523 623 577 519 913 169 618 636
double 105 preorder 2.73 6.95 3.97 5.23 0.35 7.12 8.78 2.76 4.63 3.12 6.4 7.52 2.9 3.28 4.45 0.07 5.43 1.38 5.49 0.84 8.97 2.47 2.91 6.86 9 2.07 9.41 9.03 8.12 8.45 8.16 3.7 3.91 1.73 7.83 1.64 7.32 9.19 9.57 0.14 3.77 2.31 2.55 4.67 2.37 4.65 2.46 6.98 0.81 3.2 0.64 9.76 3.96 1.49 2.98 6.96 1.12 8.25 8.93 8.72 2.09 1.55 8.23 6.25 0.52 8.01 2.85 0.58 1.69 8.79 0.55 0.69 7.71 1.89 7.57 7.41 4.69 1.43 9.74 6.87 3.56 5.63 2.61 4.53 8.92 8.64 2.06 2.87 6.42 1.1 3.79 9.67 3.95 1.95 5.24 4.73 1.84 4.82 3.47 3.93 2.57 8.68 3.01 0.91 6.59
int 105 postorder 460 905 412 779 964 453 263 935 357 501 219 208 907 409 284 497 11 752 134 147 370 89 9 285 971 23 153 624 955 140 555 333 397 991 384 630 944 115 286 62 825 706 903 520 485 827 936 40 385 917 815 676 104 782 518 861 294 80 960 666 360 813 165 222 101 639 142 116 426 213 682 278 454 192 511 500 746 771 119 229 267 128 107 418 768 843 391 849 956 303 921 254 166 127 794 850 122 3 367 989 478 718 121 204 435
int 106 preorder 397 288 747 215 633 748 699 271 439 614 909 112 214 144 437 557 758 584 993 661 593 642 10 612 524 814 435 833 315 934 346 131 574 535 324 377 883 922 231 218 912 360 648 538 403 791 589 655 196 276 399 449 652 392 312 721 448 773 618 239 488 687 779 224 111 966 277 47 355 207 470 504 202 39 634 895 106 429 242 671 455 477 502 971 862 219 801 368 261 988 426 926 367 752 715 637 21 198 404 985 658 192 858 920 203 630
int 107 preorder 489 458 230 734 363 110 865 206 855 472 902 511 366 616 122 432 723 970 131 396 98 161 451 234 551 69 334 683 694 579 885 571 815 346 578 759 570 268 179 637 173 484 424 866 391 640 764 755 158 704 435 568 18 818 118 797 60 423 180 826 494 813 11 327 149 247 555 84 188 668 803 233 833 879 832 528 605 506 503 599 443 152 615 27 766 198 286 479 964 823 765 883 495 462 259 554 321 292 507 168 968 195 963 271 862 25 411
double 107 inorder 3.85 4.94 8.67 8.09 6.91 9.01 3.71 9.92 1.51 8.71 4.73 6.03 5.42 0.9 0.7 2.94 3.93 5.91 8.16 3.28 2.42 0.6 8.19 2.97 5.12 4.2 0.74 6.87 5.15 6.45 4.61 5.7 0.52 7.52 5.92 9.12 4.26 5.39 3.63 7.98 3.44 6.06 3.75 0.97 3.29 6.71 2.06 9.34 0.56 9.61 1.71 7.2 7.16 7.29 8.88 1.72 9.58 5.87 0.62 7.45 8.57 7.33 9.83 8.63 3.3 1.78 6.68 0.32 9.11 0.14 4.11 1.65 5.75 2.1 9.15 7.26 7.69 9.66 9 6 4.4 3.9 4.72 8.4 5.14 5.01 6.09 2.45 8.91 2.67 1.69 8.56 6.53 0.84 1.94 9.98 8.78 3.99 4.59 2.05 8.98 5.32 5.66 7.58 7.38 8.64 5.17
