bool 11 0 1 1 1 1 0 1 0 1 1 0
bool 12 1 1 1 0 0 1 1 1 0 1 1 1
bool 15 1 1 0 0 1 1 1 0 0 1 1 1 0 1 0
double 16 4.6 5.2 5 4.4 5.5 4.3 5.4 4 4.1 6.7 6.7 5.9 6.6 6.6 5.8 4.5
double 20 6.2 5.6 4 5.4 6.6 4.4 5.6 6.1 4.3 5.3 5.8 4.8 6.5 5.9 4 6.5 4.1 4.2 6.4 5.8
double 21 2.8 3.7 3.9 4.1 2.1 4.1 1.6 2.8 3.6 4.3 2.3 3.7 3.1 3.4 3.4 3 2 3.6 3.9 2.2 4
int 21 6 28 27 26 14 13 25 10 33 28 15 33 26 7 20 20 6 31 25 23 11
double 22 1.5 2.5 3.4 2 4.3 2.1 2.1 3.3 1.7 2.6 3.9 3.3 3.3 2.4 3.6 4.2 2.7 2 4 1.7 2.1 1.7
double 22 3.3 5.3 4.3 4.4 5 4.1 4.4 4.7 5.4 2.7 3.3 4 5 3.2 3.7 2.9 3.3 5.3 4.5 5.4 3 3.4
bool 23 0 0 1 0 0 0 1 1 0 0 0 0 1 1 0 0 1 0 1 0 1 1 1
char 23 r g c r c q d b b o i e p h d r f n q s l h k
int 24 34 24 47 51 45 35 42 41 27 46 51 43 31 35 50 37 39 32 32 31 35 45 48 27
char 24 f c o l d n d s d b l r j r j m j a l f l n q k
double 25 1 3.1 3.1 3.4 1.9 3.1 2.6 1.6 1.1 3.4 3.2 3.5 2.4 1 2.4 0.7 2 2.7 2 3.3 1.5 2.3 0.7 0.9 2.4
int 25 68 76 49 52 71 61 62 78 53 50 63 61 76 53 63 65 53 66 57 77 73 56 54 71 75
int 26 9 29 20 29 5 4 13 25 14 9 22 7 12 11 15 7 16 29 10 25 2 16 3 29 31 17
int 26 21 41 30 22 40 21 19 32 20 40 38 24 34 29 25 13 13 33 39 30 35 13 34 29 30 20
double 26 3.1 1.6 0.6 0.3 3.1 0.6 1 1.3 1.2 2.6 1.2 1.6 3.1 1.9 0.8 0.8 0.4 0.9 2.3 2.8 1.1 3.1 2 0.5 0.4 1
bool 26 0 1 0 1 0 0 1 0 0 0 1 0 0 0 1 1 0 1 0 1 0 0 1 0 0 0
int 27 50 76 73 75 65 77 55 55 71 78 78 68 66 65 59 75 70 65 77 65 69 62 60 69 63 77 76
bool 27 1 1 1 1 1 1 1 1 1 1 1 0 1 0 0 1 0 1 0 0 1 1 1 0 1 0 0
bool 28 1 1 1 1 1 0 0 1 1 0 0 1 0 0 0 0 1 1 0 1 1 0 1 0 0 1 0 1
bool 28 1 1 0 0 1 1 0 1 1 0 1 1 0 0 1 1 0 0 1 0 0 1 0 1 0 0 1 1
bool 31 1 0 1 0 0 1 1 0 1 1 1 0 1 0 0 1 0 0 1 1 0 1 1 1 0 1 0 0 1 0 1
char 32 p l n t r t t j a p p n o f c i b h h d e k s k l p g p f s e o
char 32 d g t c i i b s i l c l p t d g r j h q k j j s j b j g a j s o
int 33 40 24 23 44 21 45 34 37 37 17 23 44 24 32 28 17 22 38 24 37 16 35 33 16 42 37 33 16 22 27 19 25 25
int 34 63 68 44 45 69 69 65 50 51 63 66 49 46 51 48 61 59 40 58 68 53 67 60 65 58 40 60 55 45 53 64 44 68 56
char 34 b j o t o c d s f m m g t n o r m l l l m c m a o q t g e c h i c r
char 37 j m l i r f h g l g g s i t t q r t n m a p a l j n r q o a i j m k p d d
int 39 48 36 51 44 41 36 39 53 63 59 63 51 38 35 57 60 58 43 58 49 47 55 36 58 57 54 55 54 62 60 64 54 47 54 37 37 51 43 36
bool 40 1 0 1 0 0 0 1 0 1 0 0 1 0 1 0 0 1 0 0 1 0 1 0 0 0 0 1 1 1 0 0 0 0 0 1 1 0 1 1 0
int 41 61 59 63 61 45 69 64 56 63 45 46 69 64 48 69 62 54 53 63 64 65 68 45 55 55 51 54 51 52 56 53 47 69 47 50 69 44 52 46 43 45
double 45 6.9 5.8 6.1 7.1 5.5 7.1 6 6.2 4.8 6.1 6.6 5 5.1 7 4.5 7 7 6.9 5.1 7.1 6.9 6.2 7.1 6.7 7.2 6.8 5.7 6.9 6.9 5.2 5.9 7.2 6.6 4.7 4.7 5.5 5.7 6 6.8 5.9 7.1 6.4 6.6 4.6 6.8
char 46 l d r d i n i d i p o h r c g l k q c q e i d b q n j j r b h i b a h m s t e e l n l t o j
bool 46 1 1 1 1 1 0 1 0 1 1 0 1 1 0 1 1 1 0 0 0 0 0 1 0 0 0 1 0 0 1 1 0 1 1 1 1 0 0 0 0 1 0 0 0 0 1
int 47 57 40 54 53 41 39 48 51 38 56 33 58 48 43 60 57 51 33 47 50 57 34 60 60 57 60 56 47 53 32 60 45 36 35 48 37 31 47 31 38 56 41 48 46 50 37 31
bool 48 1 1 0 1 1 0 0 1 0 1 0 1 0 1 0 0 1 1 1 1 1 0 0 0 0 1 0 1 1 1 0 1 1 1 1 0 0 1 0 1 0 1 1 0 0 0 1 1
char 48 f e o h q k j s s i n d a k f r d f a q c c g e o h o q e b d o c g k b f d t n n o g c f k a m
int 49 38 32 47 54 31 51 29 36 55 41 42 45 47 29 42 34 53 44 41 45 45 36 33 29 30 44 48 34 48 52 53 50 41 47 29 40 50 40 57 36 56 56 44 29 35 44 52 35 48
bool 51 1 1 1 1 0 1 0 0 1 0 1 1 0 0 0 0 1 0 1 0 1 1 0 0 0 1 0 1 0 1 1 0 1 0 1 0 0 1 1 1 0 1 0 0 0 0 0 0 0 1 1
double 52 7.1 6.2 6.2 5.1 7.6 5.1 7.4 7.2 6.9 5.4 7.7 7.7 7.8 4.9 7.6 6.3 5.3 6 5.3 7.3 6.2 6.7 5.8 7.6 5.6 7.8 5.8 6.1 6.1 7.1 7.8 7.3 6 6.3 7.1 6.1 6.1 7.8 7.5 5.3 6.7 7.8 7.5 5.6 7.3 7.8 6.8 7.3 7.5 7.3 5.7 6.7
bool 53 1 0 1 1 0 0 0 1 0 0 0 0 1 1 0 0 1 0 1 0 1 0 1 1 1 1 1 1 1 0 0 1 0 1 0 1 1 1 1 0 0 0 1 0 1 0 1 0 0 0 0 0 0
int 55 49 65 62 59 56 54 76 60 54 57 65 66 71 67 50 73 67 48 72 60 63 70 49 65 50 66 66 77 55 75 50 53 56 65 66 61 54 50 75 64 62 55 75 57 75 70 63 68 68 73 64 73 75 55 74
double 56 2.7 1 2.4 2.2 2.6 0.9 1.8 2.7 2.7 1.4 2.3 3.6 2.2 3.3 1.4 3.5 1.5 2.4 1.7 2.3 2 3.5 1.5 1.1 2.6 1.8 0.7 2.8 3.3 2.5 2.4 0.7 3.6 1.1 3.3 2.7 3 1.6 0.8 2.5 0.7 1 0.7 1.5 1.8 1.6 0.8 0.8 1.9 2 0.9 1.2 3.4 2 1.3 1.2
double 57 1.4 2.7 1.5 0.9 0.4 0.4 1.8 3.3 2.8 3.1 2.4 2.7 3.1 0.9 0.7 1.7 3 3.3 2.1 2.8 2.9 0.8 2 2.7 2.6 2.9 1.2 1.7 3.1 3.3 3 0.9 3 1.5 3.2 1.8 2.2 0.6 2.1 1.1 2.5 1 0.5 1.4 0.4 1 3 3.1 0.9 1.9 1.8 0.8 2.5 1.4 0.9 0.7 3.3
int 58 1 19 17 24 23 25 30 5 21 28 3 7 25 19 6 2 8 11 4 3 23 10 1 5 12 28 6 23 28 21 30 16 21 18 12 20 8 19 17 2 26 3 11 8 1 20 11 16 30 15 26 30 19 9 1 4 15 23
bool 58 1 0 0 1 0 0 0 1 0 0 0 0 0 0 0 1 1 1 0 0 0 0 0 0 0 1 0 0 0 1 0 1 1 1 1 0 1 0 0 0 1 1 0 0 0 0 0 1 0 1 0 0 1 1 1 1 0 0
int 58 25 10 14 2 7 12 3 29 25 21 9 18 16 5 27 27 19 11 12 16 21 23 24 0 19 12 20 20 6 16 22 2 5 15 11 3 22 27 22 23 21 13 21 5 20 0 21 16 28 28 8 4 19 5 0 6 15 15
char 59 k l o l r g n g g p k h p r a r a l k n h o e n r s o n h b k d n i r a s e l t g t i i g a a l g s c r o h h r o l q
double 59 3.4 1.5 3.3 2.7 2.3 3.8 3.8 2.9 3.9 2.7 2.5 1.3 1.1 3.1 2 2.8 2.5 2.4 2.9 3.3 3.2 1.2 2.6 2.1 3 3.8 1.6 3.7 1.9 3.2 2.9 2.8 1.6 3.5 2 2.5 2.5 1 2.7 2 3.3 2.8 3.8 2.5 2.2 1 3.4 3.7 1.8 3.3 2.8 2 3.2 2.2 3.1 2.4 2.1 3.5 3
int 59 47 20 22 26 42 23 34 24 39 42 31 32 20 46 43 24 45 26 44 45 42 31 45 41 30 36 33 36 30 39 48 45 24 48 33 19 39 40 40 45 31 41 29 20 24 22 44 48 24 46 48 41 33 24 38 46 32 34 31
double 59 3.9 2.5 2.7 1.5 3.5 2.8 2.2 2.8 3.4 2.2 4.3 2.8 2.5 4.2 1.4 3.8 1.7 2.5 2 4.2 3.7 1.6 2.2 3 1.4 1.6 3.7 3.5 1.8 2.5 2.5 3.8 3.2 3 1.8 3.8 3.8 1.5 4.2 2 2 2.5 3.3 3.3 2.2 1.5 3 4.1 2.3 3.9 1.8 1.5 2 3.6 1.6 1.4 3.5 4.3 3.9
double 60 4.6 5.3 5.6 4.6 5 4.2 4.7 6 5.8 4.1 5.5 6.8 5.7 5.6 6.6 5 6.4 4.2 6.7 5.6 6.7 4.3 5.9 4.4 5.2 4.4 5.7 5.1 6.6 5.5 3.9 4.1 5.2 4.8 5.6 5 6.3 3.9 4.4 6.7 4.6 4 6.6 6.8 4.8 4 5.8 6.4 6.3 6 4.9 5.5 6 5.3 6 5.7 4.3 5.3 5.2 4.8
char 62 b l n k m o n g h r a q q c n t c f r q p h d k t i n l h c r f l c j d a o d c c l r l c e p s t g t f d q d n l j b s k r
bool 62 0 0 1 1 0 1 1 1 1 0 0 0 0 1 1 1 0 1 1 1 0 0 1 1 0 1 1 1 1 1 1 0 1 1 0 1 1 0 1 1 1 0 0 0 1 1 0 1 0 0 1 0 1 1 0 0 1 1 0 0 0 0
int 64 58 59 61 44 50 42 68 65 43 44 65 64 44 65 48 61 52 46 39 49 51 49 67 44 61 54 67 55 46 67 45 50 48 64 58 42 64 44 43 48 40 57 46 42 68 40 39 61 49 39 46 64 54 53 68 58 64 63 60 48 40 43 51 40
char 65 n j r f r i j e c m g h i i h l h t o m i p t r p d s l g h n o p f k n q b a a o h j j h f o e o l f q t l q c m f c b n b k l r
int 65 30 6 14 12 1 3 22 26 22 4 29 27 29 15 5 9 6 13 25 20 7 24 29 15 17 3 6 16 14 1 17 17 30 14 10 15 24 5 3 2 28 26 24 8 4 4 13 20 22 19 8 28 7 24 9 4 1 24 15 25 12 6 26 9 28
bool 65 1 1 1 0 0 1 1 0 1 0 0 0 1 1 1 1 0 1 0 0 1 0 1 0 1 1 1 0 1 1 1 1 0 1 0 1 1 1 1 1 0 0 0 0 0 1 0 1 0 0 0 1 1 1 1 1 0 0 0 0 1 1 1 0 1
double 66 3.7 3.9 5.1 2.9 4.5 2.7 4.6 3.4 5.1 2.4 5 3.6 4.9 4.8 4.9 3.9 4.4 2.9 2.8 2.4 3.7 3 2.7 3.4 4.8 4.4 3.2 3.5 3 3.8 4.8 5 3.3 3.8 3.6 4.6 4.1 3.7 4.4 3.8 2.5 5 2.6 3.6 2.7 4.8 4.8 4.4 3.5 3.8 3 2.7 3.9 2.4 4.9 5.1 3.2 4.2 3.8 4.9 4.1 2.9 4.1 3.6 3.5 4.6
char 67 m o t d r n f h s q i b l r k a a e b q o i g p g c r a h r h p j p b g n b q d c e h r a k q l c i r o e f b m g j e p l j b e d n c
bool 67 1 0 1 0 0 0 0 1 0 1 0 1 0 0 1 1 1 0 1 1 1 1 1 1 0 0 1 1 0 1 1 0 1 0 1 0 0 0 1 0 0 1 0 1 1 0 1 1 1 1 0 0 0 0 0 0 1 1 0 0 1 1 1 0 0 1 0
char 67 s j j c g p l i h c l h j k a r b t q m q g i o a h o c e n t n a t e q p i r t q h p s p n f m l m r g p s j d m b s i t a f a p o h
char 69 i o o h j t e f r m d n e j h e o d r l f o t o i q l n r j n m q s i s t s g h j p k d g i a e q c f j e o k a n t h a i p p a d s o g n
int 69 45 36 43 47 57 35 46 57 51 49 53 56 36 53 44 48 44 46 54 34 42 47 57 51 49 53 54 34 37 52 44 59 34 48 42 39 45 46 35 50 51 40 58 38 53 60 57 54 46 37 43 51 36 41 47 53 41 41 48 50 44 36 35 47 49 61 62 52 56
double 69 2.2 3.2 1.4 1.3 1.5 2.2 3.5 2.5 1.8 3.4 2.7 1.5 3.9 1.2 2.7 2.4 3.2 2.6 2.7 2.2 3.2 2.4 3 2.9 1.9 2.2 1.5 1.7 3.9 1.6 2.1 2.6 3.6 2.6 2.5 3.6 2.9 1.2 3.6 2.9 1.4 1.6 2.1 1.8 3.7 2.7 1.2 1.6 3.1 1 1.8 1.8 2.9 3.7 3.7 1.1 3.1 3.2 3.3 1.2 3.7 2.8 1.9 3.3 2.5 2.7 2.9 3 3.6
bool 69 0 1 0 0 1 0 0 1 1 0 0 0 0 1 0 0 0 0 0 0 1 0 0 1 0 1 0 0 1 1 0 1 1 0 1 0 0 1 1 0 0 1 1 0 1 1 0 1 0 1 1 0 1 1 1 1 0 1 0 1 0 0 0 1 1 1 0 1 0
double 70 4 3.4 5.3 3 4.1 4.1 3.4 5 3.1 2.6 4.6 4.8 2.6 3.4 2.7 3.4 5.4 3.6 3.7 4.3 3 2.9 2.6 3.6 3.5 4.6 5.5 5.4 5.5 3.4 2.9 4.3 4.1 4.8 5.1 3.4 3.4 4.2 3.1 4 3.3 5.3 3.1 5.2 4.2 3.7 3.1 4.7 5.2 3.4 4.9 2.9 3.4 5 3.3 2.8 4.8 3.5 2.8 3.4 5.2 4.1 3.1 3.7 3.1 3.5 3.7 3.7 3.1 5.3
double 71 1.9 0.5 1.3 1.6 0.2 1.8 2.9 2.4 0.2 0.7 1.1 1.9 2.5 1.5 2.4 2.1 1 1 2.5 2.2 0.9 0.6 2.9 2.2 2.5 1.1 2.6 1.3 2.5 1.8 0.2 0.8 2.6 1.9 1 2.9 2.4 2.8 2.1 0.2 1.1 0.1 2 1.6 1.2 1.9 1.6 2.5 1.5 2.5 1.8 2.2 2.2 2.6 0.8 1.1 2.7 0.8 0.6 0.6 0.2 2.6 2.4 0.1 0.3 1.2 1 2.1 0.8 0.8 1.6
double 71 5.5 5.9 5 5.4 5.1 5.1 6.3 5.6 6.7 4.5 6.4 4.4 4.9 4.1 3.9 5.5 6.3 3.9 4.3 6.8 3.9 4.7 6.1 5.5 6.4 5.6 5.4 6.8 6.7 6.4 4 6.7 3.9 5.3 6.2 5.7 4.8 4 5.4 6 4.1 4.9 6.4 5 4.6 4.4 4.3 4.7 6.1 6.8 6.5 4.1 4.6 5.1 6.5 5.9 5 6.1 6.4 5.6 6 5.9 4.5 4.4 6.4 6.8 6.6 5.9 5.3 5.3 5.4
double 72 4 3.7 5 5.2 6.5 5.9 4.4 5.3 5.7 4.6 3.6 6.3 6.2 5.4 5.9 3.7 3.6 5.6 5.3 6.4 5.5 5 3.9 6.2 6.3 6.3 6.5 3.6 5.3 4.2 4.5 5.7 3.8 6.1 6.2 5.1 5.4 6.1 6.5 3.6 4.2 4.7 4 3.8 5.8 5.8 6.4 4.5 6.3 4.6 4.9 5.3 5.7 3.7 4.6 4.3 6.3 5.9 5.8 5.8 6.2 4.6 5.2 4.3 3.7 4 3.8 5.6 5.9 6.3 4.3 3.9
bool 73 0 1 1 0 1 1 0 1 1 0 1 1 1 0 1 1 0 1 1 1 1 0 1 1 1 0 1 0 0 1 0 0 0 0 0 1 1 0 0 1 1 1 0 1 1 0 1 1 0 0 0 1 1 0 0 0 1 0 0 0 1 0 0 1 1 1 0 0 0 1 1 1 0
char 75 b k g q n t i b m s b r f h p o h p q f c a l j l k n n i f i b s f o r a m o h l e j c r c c e k o s k i g n j k n k k q t a l r d c s s j d s d k p
bool 75 0 0 1 0 0 0 0 1 0 1 0 0 0 0 0 1 0 0 1 1 1 1 1 0 0 1 1 0 0 1 1 0 0 1 0 1 1 1 1 1 0 0 0 1 1 0 1 0 0 0 1 0 1 0 1 0 0 1 1 1 1 1 0 0 0 0 1 0 0 1 1 1 0 1 0
char 76 b c l r o e p h i t i l o q n h i p t n i a l m m j d m i g n b o h s s a t k o n t t s o e g r m a e d h p i k k t n l q e l h t n j s j a d i n p c n
char 76 t l b m f s q e j i i p j j p p k a o r l m t m b k l r q a o n s a m g c g d k e d o t f g q r f g q g f l q p g t k h m n q t h e k m d c b l t d b j
double 78 6.6 7.2 6.2 4.3 7.1 5.5 5.7 5.2 4.4 4.6 6.6 6.9 6.7 4.9 4.9 4.4 6.7 6.7 6.8 5.4 5.2 5.4 4.5 5.6 6 5.3 6.2 6.2 6.1 5.7 6.1 7 5.5 4.7 4.8 6.9 5.3 4.7 5.4 6.1 6.1 6.6 5.7 4.3 5.9 6.7 6 4.8 6 6.4 7 5.2 6.6 6.1 6.4 5.1 4.4 6.4 6 4.4 6.4 6.6 4.6 4.5 4.7 5.2 6.4 5.6 5.8 4.6 6.2 5.9 4.8 4.6 4.6 6.7 7 7
int 78 60 42 40 52 57 49 34 52 52 47 42 49 39 48 58 38 40 42 58 53 47 36 50 56 36 48 50 59 63 40 41 54 59 37 55 59 41 44 60 47 61 51 43 48 53 42 38 47 51 56 43 51 47 39 62 45 61 38 38 53 54 61 55 45 36 43 58 56 55 48 50 55 35 55 53 46 41 42
bool 80 1 1 1 0 1 1 0 0 1 1 0 1 1 0 1 1 1 0 0 1 0 0 0 0 0 1 0 0 1 0 0 0 0 1 1 0 1 1 0 0 1 1 0 0 1 1 1 0 0 1 0 1 0 1 1 0 0 0 1 0 0 1 0 1 1 1 1 0 0 1 0 0 0 0 1 1 1 0 0 0
bool 81 0 0 1 1 1 0 0 1 0 1 0 0 0 1 1 0 1 0 0 0 0 0 0 1 1 0 0 0 0 1 1 1 1 1 0 1 1 1 1 0 0 1 1 1 0 0 0 0 1 0 0 0 1 0 0 0 0 1 0 0 1 1 0 1 0 0 1 1 1 0 1 0 0 1 0 0 1 1 0 1 1
char 82 q q p f a d i t t i g h e d d c l n m t j g a s q a t h o b a r h d h k i h s c m o r f r s q p d p h a q j j e h p a m n q m e f f t a n h r p i i k m j o p r q q
double 84 6 4.6 4.7 6.6 6.6 5 4.7 6 5.5 4.4 6.7 5.1 6.3 5.7 4.2 4.3 5.8 5.9 5.9 6.7 6.2 5.6 6.9 6.5 6 4.6 5.4 4.9 4.7 7.1 6.6 6.2 4.5 5.3 4.8 4.4 6.1 5.6 4.8 5.5 6.2 5.6 5.3 4.9 6.3 4.3 5.9 4.2 5.9 5.3 6.2 5.2 5.2 6 6.8 4.2 7.1 5 4.6 7.1 4.9 6.8 6.7 5.5 6.8 6.6 6.6 6.5 6.6 5.2 5.5 7 6.4 6 6.9 5.5 5.9 6.7 6 6.6 5.8 5.8 5.9 6.5
char 85 l l f k p g c q l n b j s n p o m j o p m h g s q f t h n h n t r e c g q d q r d l r k k e t g a p h d i b h m b j m l h k f i b d j o p c b a i o f e a g o r k o m p s
char 89 m p b g a i o o k l e f p i k q q e n f f e d a s i o q t m c t q d k n p k f o r g e q t p i f d h t n s a t k l a i o c h k a d q t j d e o q b f s p o i m g h k j m b c g j k
char 91 e e o p h n n r s a j j t b o h e d f i e k h b l k q d j p p h i o q e e f p t c m l d d c m a r q m i r h c m e l i d g m j b b m p k f j c r m m r d f h o k m j f j c t k d f q i
char 91 a p a p d l g f b s p p p b p s k b p p q d e j b p p p a f q j f q n e g k r n h n b c s o n d c j i k k b m e o o t a q d r i d o j i h d d c f d k j h m k h f h n m f l n p n h f
char 94 g l g k b c s j n d t h o g c k s e b g h j g f t s e e s m s t j r f c e f b d a g q s a s e q b t j r b r i g a p r a c p p s r t b p l o m t i l e r d s k m n n h g a r t m p b g e f a
double 95 0.5 1.8 3 1.4 1.4 0.9 2.2 2.4 1.5 2.9 2.8 2.8 1.9 0.6 2.6 1.1 0.9 0.5 2.5 2.9 2.9 2.9 1.1 3 2.9 1.7 1.6 1.1 2.1 2.9 3 2.6 1 0.6 2.1 2.5 1.8 1.1 3.1 0.8 0.7 0.5 1.2 2.6 1.2 1.8 2 0.6 0.2 1.2 1.5 2.4 2.9 0.6 1.4 3 1 2.7 1.1 1.3 2.6 2.2 0.6 2.6 2 2.4 2.2 2.9 2 2.7 3 3 2.8 1.4 1 2.6 0.6 2.4 3 1.4 1.6 3.1 1.3 1.8 0.7 2.1 1.5 2.5 1 2 2.9 1.1 3 2.4 2.6
double 96 0.6 1.8 1.9 1.4 2.5 2.5 1.2 2.8 2.2 0.5 1.8 2.9 2.8 3 0.4 1.9 0.5 1.7 2.3 3 2.2 2.3 1 2.1 1.8 1.8 1.6 2.7 1.1 1.3 0.4 0.6 2.1 2.1 1.8 2.3 2.1 1.5 2.9 2.1 1.7 1.2 1.7 0.9 2.9 2.3 3 2.7 1.4 2 2.3 1.8 1.2 2.8 2.3 2.2 1.9 2.2 1.8 1.8 1.1 0.2 0.8 2.1 0.9 0.2 2 2.4 3.1 2 0.8 1.8 1.1 2.4 1.5 2.8 1.6 0.9 0.3 1.6 1.5 0.6 1.3 1.9 1.5 2.6 3.1 0.9 1.2 0.8 2.4 1.3 0.5 2.7 2.9 2.2
bool 97 1 1 1 1 0 0 0 1 1 1 0 1 0 1 1 0 1 0 0 1 0 0 0 0 1 0 1 0 1 0 1 0 0 0 0 0 0 1 0 0 1 1 1 1 0 1 1 0 1 1 0 1 0 0 0 1 1 1 0 1 1 0 0 0 0 1 1 0 0 1 0 1 1 1 1 1 1 0 1 0 0 0 0 1 0 0 0 1 1 0 0 0 0 1 1 0 0
double 97 4 3.1 3 3.1 3.2 3 3.3 3 2.5 4.2 2.9 4.1 2.7 4.9 4.5 2.1 3.7 4.3 3.5 4.7 2.7 5 4.8 4.8 4.9 4.2 3.2 2.6 3.9 3.3 2.6 2.3 3.6 4.6 3.1 3.4 2.1 4 2.2 4.1 2.3 3.3 4.4 2.5 4.4 3.1 2.1 3 4.5 2.9 4.3 5 3.9 3.4 2.7 4.7 2.4 3.4 3.8 3.7 4.8 4.8 4.7 4.9 2.4 4.4 4.1 4.1 4.4 4.4 2.2 3.8 2.3 3.8 3.8 2.9 3.8 4.6 4.3 4.5 2.2 2.6 4.8 4.6 4.4 4.7 4.8 3 3.4 2.7 4.1 2.8 3.9 2.6 3.6 4.2 4.8
int 97 12 19 25 26 29 9 12 15 4 24 18 27 22 19 29 12 21 21 4 21 13 10 15 30 6 27 18 17 14 25 1 24 14 6 2 27 7 12 2 27 7 13 2 17 7 8 25 6 27 18 4 8 29 18 25 24 20 9 24 4 30 8 3 27 5 24 29 17 7 29 15 24 1 23 13 25 4 1 17 29 25 1 6 27 2 11 24 18 19 23 12 20 29 4 22 28 28
bool 99 1 0 1 0 0 0 0 0 1 0 1 1 0 1 1 0 1 1 0 1 0 0 0 0 0 0 1 1 1 0 0 1 1 0 0 0 0 0 1 1 1 0 1 1 0 1 0 1 0 0 0 1 1 1 1 1 1 1 0 0 1 0 0 0 1 0 0 0 1 1 1 1 0 1 0 1 1 0 1 0 0 1 0 1 1 0 1 0 1 1 1 1 0 0 0 1 1 1 0
char 99 h b t c d t c d s e s c p e e p i l j a p o s t r k o r d b g l p t r s m b f k i b f c n j m s k r n b t g c a b q p o d f k p s k c q j f b j c e a c m t i k g m q k g e t f r a s c i m r p h i t
int 101 46 55 43 48 62 67 41 49 54 48 55 67 57 59 51 68 62 55 53 64 61 52 54 62 55 58 64 60 54 68 56 59 47 49 63 52 59 63 50 53 39 57 46 66 60 61 64 61 68 63 64 56 54 41 62 46 68 60 59 43 60 68 61 40 56 52 64 61 43 59 61 39 53 57 62 62 56 43 39 65 68 52 50 61 42 50 64 59 41 57 43 44 60 58 68 50 68 43 63 42 64
bool 103 0 1 1 1 1 1 0 1 0 0 1 1 1 0 0 1 1 0 0 1 0 0 0 1 0 1 0 0 1 1 1 1 0 1 1 1 0 0 0 1 1 0 0 1 0 1 1 1 0 0 1 1 0 0 1 0 1 0 1 0 0 1 1 1 1 1 1 0 0 0 1 1 1 0 1 0 1 0 0 1 1 1 0 0 1 0 1 0 1 1 1 0 1 1 0 0 0 1 0 1 0 0 0
char 105 n d d p f j s r t p m a l c o a t k k d k h r r f k o l d e t k c e n h l b d a a i d j t r s n s r j t s i s l o c q j k q m k a b q m g i d c r m o p p f n c k r i o l a b f h s n l n r j t a c t d p a r j h
int 105 45 59 61 58 46 47 44 58 58 43 44 37 38 40 54 48 52 38 52 41 48 51 65 40 59 47 46 39 44 47 49 48 51 60 64 44 56 44 44 44 51 64 51 57 44 64 66 42 47 64 42 41 40 41 46 49 48 43 53 45 61 55 63 37 59 53 51 42 50 39 58 43 53 46 57 66 41 43 49 54 40 46 53 63 63 55 37 54 58 45 51 43 58 42 40 59 61 39 66 61 46 48 39 54 56
double 109 4.4 4.7 3.8 3.1 4.5 4.9 4.2 5.7 5 3.1 5.7 4.4 4.1 3.5 4 4.1 4.1 4.1 4.1 4.4 3.2 5.3 4.9 4.5 3 2.8 3.3 5.6 3.1 5 3.6 3.6 5 4.8 3.6 5.1 3.9 4.6 5.1 5 4.7 5.7 5.1 3.4 4.9 2.9 5.2 5.3 4.1 4.4 5.7 5 3 3.5 5 5.4 3.3 4 5.1 3.2 3.6 4.9 4.6 3.6 4 5.6 3.8 4.8 5.7 3.7 3.6 5.2 5.4 5.6 5.3 5.6 3.1 4.1 4.9 5.1 4.4 5.1 5.7 4 4.6 5.4 3 4.9 4.8 4.2 3.2 4.8 4.7 4.3 5.5 3.4 4.5 3.5 3 4.1 5.4 4.8 3.9 4.7 2.9 3.7 4.5 5.1 5.6
