34 6 3 11 12 4 1 8
40 8 15 4 5 11 13 9 6 8
76 9 2 9 11 6 4 13 8 16 10
63 10 13 12 3 16 17 9 1 11 18 10
20 11 9 4 16 7 8 3 15 19 5 11 17
61 13 15 24 10 9 3 4 11 19 20 12 5 14 23
71 15 5 9 26 11 19 25 7 1 29 2 30 12 21 14 23
116 15 28 7 24 17 3 13 19 2 27 15 30 23 6 16 29
96 17 22 10 20 21 24 17 5 7 6 32 25 1 14 18 28 11 16
72 18 21 28 8 26 11 18 7 25 22 16 12 3 27 32 4 1 29 20
59 18 28 4 36 14 21 8 6 33 23 1 12 16 18 2 25 32 15 26
116 19 26 6 33 19 37 9 34 8 28 32 12 2 23 21 36 22 4 3 7
188 20 37 39 27 32 18 21 3 2 16 9 1 26 22 14 35 13 7 29 17 25
150 21 38 22 3 39 28 13 23 29 33 24 8 32 5 10 21 17 25 37 34 31 12
110 22 10 12 43 40 18 25 27 4 3 1 35 15 16 13 44 41 6 8 31 21 36 26
105 23 40 39 42 12 13 15 38 14 33 26 7 34 11 19 10 31 24 1 6 5 43 25 23
25 24 26 8 18 22 23 21 1 31 11 20 42 5 40 47 9 36 34 16 3 12 2 15 48 27
135 25 30 18 26 3 20 29 5 44 12 33 41 49 4 43 15 32 42 27 28 22 35 23 24 2 25
72 27 29 27 8 47 7 6 33 39 4 41 12 24 17 11 19 44 34 48 10 32 43 5 54 22 30 21 23
251 27 41 3 27 43 36 38 37 31 1 11 8 26 21 51 33 22 46 48 32 14 23 16 5 19 7 12 17
366 29 41 2 58 45 19 53 49 20 35 9 4 48 56 40 11 1 12 42 37 34 14 57 15 16 10 13 33 55 21
274 29 46 26 28 29 18 39 50 58 40 20 16 56 57 23 30 36 6 24 7 34 8 37 5 42 41 38 13 35 10
166 32 36 1 46 51 31 40 53 44 43 28 60 2 26 62 20 42 32 19 50 18 54 27 38 13 35 7 57 17 22 30 47 4
167 33 1 30 6 60 19 65 22 15 56 20 46 40 42 48 47 21 18 44 49 50 34 38 53 3 57 39 9 12 52 17 2 33 27
235 36 23 68 36 62 21 32 4 29 5 35 15 18 33 65 27 60 10 44 26 16 1 54 24 72 42 38 63 11 57 43 41 14 2 47 17 45
125 36 61 44 68 15 47 64 36 1 21 29 28 40 60 50 53 19 8 26 2 22 23 43 55 51 65 72 33 20 49 48 7 14 16 34 9 59
172 37 37 29 68 19 12 42 17 46 48 23 10 40 27 52 32 28 54 66 44 5 51 57 9 36 8 26 38 43 50 60 73 53 7 72 21 45 59
94 37 10 18 64 9 30 45 31 63 68 16 59 1 29 47 36 24 12 17 73 20 58 74 43 60 52 34 69 66 8 26 38 53 33 2 28 50 61
321 37 3 74 8 32 7 48 30 57 4 45 58 14 16 62 43 68 15 53 19 22 10 5 26 51 55 27 64 24 6 17 20 70 60 65 29 52 12
94 38 59 65 26 61 27 13 50 40 17 11 63 19 14 75 70 9 24 64 39 74 67 66 44 21 25 15 54 48 62 18 69 20 72 57 16 55 36 45
298 38 20 13 64 9 14 50 55 41 4 43 60 71 51 39 28 42 48 38 62 31 68 18 26 6 30 53 29 15 12 3 69 33 54 36 73 52 61 22
245 42 12 9 66 81 28 16 15 46 18 55 57 29 38 43 77 62 76 10 42 4 71 37 49 74 25 64 23 32 53 31 33 61 63 17 75 39 67 34 3 36 45 13
320 43 15 57 44 43 4 74 25 5 53 1 9 10 45 35 31 78 60 33 29 69 19 14 73 3 72 58 84 63 40 50 66 61 16 79 39 48 41 20 30 77 64 70 18
236 44 5 65 3 35 12 6 72 45 18 54 57 40 77 42 88 71 16 86 24 14 63 31 21 13 2 50 22 66 17 27 39 51 48 59 32 79 37 43 26 41 10 69 76 23
393 45 5 34 9 30 52 60 18 19 36 83 12 26 29 84 22 58 71 45 53 63 62 41 25 85 44 59 68 42 28 4 10 11 8 27 13 38 39 33 70 21 47 32 14 74 16
186 45 82 83 42 89 68 49 67 61 29 79 19 26 14 69 81 7 52 5 43 16 2 78 59 54 62 41 85 45 84 40 25 22 6 55 71 86 13 8 88 21 32 11 1 20 12
96 45 68 6 65 69 53 60 57 63 8 73 87 21 12 26 18 82 51 67 88 81 45 75 46 32 56 17 83 48 78 2 31 9 52 50 41 34 84 62 71 79 90 23 33 64 47
167 46 13 48 73 47 34 80 56 38 84 59 18 55 52 69 27 68 28 2 42 8 70 12 85 66 16 1 22 36 46 11 77 39 24 78 50 82 71 25 64 6 29 72 49 33 3 15
232 46 48 86 17 19 87 30 16 63 18 69 33 45 42 67 65 56 35 50 70 88 57 34 12 15 43 68 14 53 58 24 13 59 78 79 66 49 29 62 22 32 23 82 10 3 92 5
147 46 16 62 11 5 8 24 71 43 13 82 74 25 42 75 64 57 41 37 70 91 51 26 49 68 92 87 10 52 12 46 18 22 21 1 9 77 15 78 36 35 2 29 38 33 83 17
399 48 71 12 61 64 48 68 46 40 43 39 57 24 84 8 87 83 93 14 75 56 9 96 11 51 74 38 86 58 30 1 29 72 77 13 34 37 80 45 85 17 67 50 52 3 59 28 79 27
194 51 90 87 88 46 28 37 81 12 73 45 57 74 99 47 24 3 19 41 14 32 42 78 29 21 89 63 34 50 9 72 85 58 27 93 71 98 86 2 43 35 94 39 36 92 33 76 16 82 68 4 97
198 51 21 37 3 29 27 12 84 32 56 46 81 99 2 58 93 72 28 88 62 20 67 26 31 85 61 65 74 11 63 16 39 73 57 79 40 6 102 92 41 25 82 45 89 90 80 83 75 86 8 5 94
116 52 40 99 73 49 65 14 44 42 63 79 84 22 104 31 5 75 19 61 28 15 48 58 87 91 72 86 17 85 36 80 97 35 66 95 23 11 30 96 39 47 59 93 74 62 89 94 8 34 71 6 64 88
221 52 92 54 15 20 62 94 101 36 78 76 66 5 46 24 34 12 72 49 21 3 22 79 89 1 52 44 67 96 19 80 100 32 60 56 16 95 41 69 86 23 74 25 14 4 82 51 97 47 99 98 57 93
313 52 57 17 59 47 28 13 21 29 30 62 91 87 94 9 38 16 43 18 11 68 14 3 26 58 8 85 5 72 25 49 76 32 96 4 73 7 67 82 95 79 36 23 71 65 101 37 86 89 75 61 6 66
319 53 20 34 68 73 54 39 42 49 57 3 70 14 35 103 67 64 8 87 24 9 12 59 27 53 32 2 15 101 71 93 31 85 75 95 62 33 83 1 55 46 79 29 63 86 91 43 6 99 48 17 30 38 25
216 53 55 77 21 10 62 27 91 44 89 74 26 57 31 65 12 92 104 84 6 81 25 53 46 87 2 79 28 75 34 99 105 59 47 69 9 82 8 86 52 11 103 49 58 100 30 80 106 54 68 71 13 39 66
184 56 27 52 106 41 17 89 101 69 76 8 94 95 54 35 44 73 77 86 21 34 16 68 23 58 24 87 5 66 93 50 104 102 33 67 42 26 65 20 78 80 49 99 81 9 18 79 103 100 70 1 90 110 39 98 2 112
235 58 29 44 87 75 98 85 15 50 52 63 37 82 94 22 26 57 46 65 51 32 41 2 74 18 76 73 27 108 81 100 110 103 48 8 114 43 116 113 93 102 9 106 40 42 3 80 96 49 20 11 23 58 72 70 69 21 28 30
651 63 108 39 30 119 120 28 91 84 21 87 117 47 103 105 76 46 93 4 73 96 52 106 89 85 97 110 70 101 37 44 15 121 79 58 100 98 59 90 34 109 88 75 118 45 55 72 6 86 20 14 126 63 64 41 29 123 32 3 36 17 22 83 66
674 64 75 19 85 115 119 7 29 81 52 93 79 46 74 101 63 48 6 61 90 27 16 44 64 65 108 103 78 88 20 53 18 45 89 70 13 60 126 30 123 111 105 38 127 51 96 62 58 36 68 97 5 21 22 10 110 92 99 34 106 69 114 54 104 128
384 66 18 132 116 105 96 113 84 112 121 100 36 118 63 3 40 75 1 69 33 39 35 4 19 94 26 129 8 2 58 43 41 55 47 66 14 22 45 125 25 65 73 88 114 9 49 106 59 68 87 24 53 30 81 122 130 90 123 16 37 15 48 92 101 77 120 91
245 66 121 101 95 118 24 67 56 26 70 72 34 16 12 61 47 131 123 100 87 77 90 43 88 80 8 119 35 132 105 40 13 104 93 127 25 76 117 2 58 86 27 85 44 69 28 3 20 83 106 48 113 19 4 107 82 6 75 92 39 11 122 81 94 22 79 21
265 67 57 51 75 109 107 60 98 15 72 20 96 120 37 78 40 55 65 113 9 73 3 106 110 90 49 117 62 81 18 114 91 14 67 129 119 108 94 82 44 131 112 102 22 128 71 56 19 85 23 48 45 126 93 68 133 39 123 77 21 115 79 24 8 12 88 11 13
383 69 116 113 17 95 68 59 105 130 87 85 8 31 117 84 97 92 80 13 27 108 41 98 119 43 36 48 102 2 64 121 131 67 55 115 57 70 1 83 10 6 63 112 61 22 12 100 54 104 118 26 123 14 62 78 39 127 32 71 60 122 124 40 107 18 138 30 56 3 45
413 70 14 126 120 72 99 64 104 109 73 54 106 39 17 124 13 52 77 98 111 87 59 1 12 113 114 96 27 139 91 74 89 105 130 18 82 57 11 61 76 33 37 7 47 129 93 42 25 46 132 10 8 118 140 19 49 80 65 60 23 79 43 92 32 40 28 127 83 90 110 107
362 70 87 75 44 22 77 108 1 103 16 129 110 14 41 80 91 136 72 42 68 19 65 79 46 7 56 33 5 92 37 17 43 105 36 90 23 113 124 118 26 83 140 32 122 34 126 121 117 100 47 112 12 115 53 29 114 55 127 116 125 88 49 73 30 50 93 96 119 54 94 27
261 71 123 49 108 44 115 96 31 70 30 64 106 50 72 63 2 74 28 77 135 15 109 6 33 80 37 29 71 113 82 136 133 92 68 87 13 132 59 69 18 32 127 20 12 47 120 88 138 131 54 107 9 79 42 48 94 38 130 56 118 100 129 14 26 81 24 21 104 114 10 45 95
662 72 97 121 99 137 17 5 63 66 67 25 115 140 52 132 49 57 51 98 138 43 2 113 83 76 26 18 112 31 64 59 126 72 105 101 116 134 133 111 80 11 127 13 85 87 109 33 32 108 139 89 9 21 54 14 50 135 3 69 53 122 10 88 95 124 55 19 44 110 68 90 94 96
399 72 62 12 83 68 105 129 120 125 124 98 85 88 45 57 6 75 141 13 113 138 91 74 100 59 94 63 119 102 144 67 55 49 76 60 33 64 66 77 52 54 39 143 27 122 69 35 109 93 78 126 37 28 23 103 9 38 71 89 97 115 4 48 80 65 30 7 140 16 22 61 14 17
324 73 31 56 48 60 113 133 87 93 8 19 17 112 107 18 136 119 135 127 24 65 64 139 129 73 78 124 140 12 68 22 23 52 21 16 69 25 79 92 49 110 146 138 128 37 102 109 44 80 120 33 66 75 100 131 83 117 29 114 126 45 96 108 26 86 130 99 14 5 145 43 132 6 85
551 73 118 106 121 47 101 103 5 25 20 72 112 71 14 28 77 129 36 45 17 58 57 120 70 108 146 30 3 109 52 78 90 123 19 63 124 144 88 73 10 22 74 62 66 8 27 11 60 6 46 38 83 4 133 31 44 49 114 145 39 100 82 75 42 95 143 139 135 122 115 136 81 87 53
244 74 100 145 10 126 86 29 129 32 122 143 8 75 59 117 88 66 56 89 67 84 108 27 13 140 77 70 73 68 14 118 2 137 125 7 96 52 69 109 3 42 95 131 104 37 116 6 63 132 17 83 114 90 123 135 41 144 43 85 72 139 21 22 36 23 31 47 103 64 54 44 101 119 33 40
624 74 123 24 115 83 8 137 110 147 63 77 141 86 23 57 6 27 117 37 47 87 88 100 81 102 59 130 61 17 73 69 84 91 107 20 19 109 32 55 101 49 133 138 119 3 76 58 89 134 122 1 16 144 136 146 29 124 66 95 28 67 106 116 36 96 52 148 75 103 132 104 118 72 62 4
796 74 47 89 97 93 11 117 48 73 59 135 18 94 114 23 143 62 109 131 110 81 42 129 78 90 4 64 9 15 127 92 132 43 44 145 66 126 70 31 104 99 80 68 30 53 39 7 25 147 116 98 112 57 27 1 103 106 12 54 119 137 76 141 24 144 111 22 148 46 63 79 133 118 84 108
466 75 7 133 112 137 121 40 9 110 141 115 100 142 32 147 136 148 53 23 120 44 119 129 127 2 135 48 146 33 98 81 14 24 18 139 125 118 74 114 143 123 3 26 20 97 56 106 65 99 76 128 62 39 16 50 37 12 55 36 70 41 35 132 105 43 51 72 64 103 87 75 60 69 134 10 124
250 76 27 115 85 135 78 132 38 121 7 64 152 133 94 26 48 55 46 91 138 1 120 65 12 63 11 40 128 2 54 126 49 125 109 47 42 84 107 101 127 130 9 137 50 23 19 134 144 58 86 80 114 105 43 16 129 102 118 34 122 106 82 61 142 79 8 75 73 92 22 35 52 96 69 31 145 97
576 77 105 127 154 77 11 88 14 41 130 3 79 20 47 98 114 32 115 49 84 74 89 117 143 66 7 31 62 119 35 120 150 24 116 2 111 56 134 136 145 60 80 33 125 25 63 71 110 64 37 90 27 68 52 69 18 57 109 54 122 30 4 152 108 128 19 102 92 95 97 50 29 72 100 96 124 40 70
438 80 51 106 104 9 103 160 24 46 150 158 19 66 17 151 12 145 81 127 68 43 40 129 126 59 25 44 137 153 105 86 64 125 52 20 5 95 58 113 93 122 132 37 31 112 124 2 94 8 41 15 116 96 121 28 97 48 33 27 56 119 11 159 65 1 72 102 74 82 57 18 154 109 49 14 88 77 16 157 55 101
436 81 76 101 70 54 108 156 151 127 135 40 139 12 137 157 10 99 5 58 17 46 128 105 112 8 148 1 48 66 107 142 9 23 61 92 95 146 144 41 145 90 34 6 20 50 56 136 59 80 119 47 21 18 74 132 49 159 161 155 35 115 133 149 97 27 121 67 158 28 110 96 36 102 117 44 138 125 122 93 153 104 24
615 81 126 127 119 31 84 2 141 116 154 93 160 44 101 63 138 152 43 28 114 88 67 156 80 118 79 133 70 19 124 3 37 110 104 61 33 11 68 27 12 13 144 47 64 75 62 35 139 87 40 8 98 148 81 96 26 50 86 94 20 146 48 83 73 16 142 151 60 131 15 32 69 92 49 115 34 153 102 105 91 65 99
529 81 44 81 52 123 19 5 54 55 153 144 39 98 34 119 142 124 109 117 127 122 115 57 84 106 101 121 102 95 107 60 104 73 159 37 137 58 46 120 11 28 138 128 99 149 134 26 35 14 32 36 126 75 111 129 85 141 33 114 94 24 64 40 145 77 87 65 116 3 49 7 17 63 45 69 162 135 103 31 90 67 131
610 82 142 73 84 118 2 65 81 92 101 5 60 55 57 48 138 22 150 89 8 137 79 113 117 64 1 140 132 127 61 164 124 162 16 30 46 9 115 62 161 42 29 163 72 11 126 21 151 38 75 51 6 143 109 144 88 128 76 136 24 27 154 33 131 135 108 47 112 28 100 44 107 111 102 26 98 122 53 10 103 145 56 133
324 83 1 13 127 52 44 77 145 17 125 134 96 75 162 104 6 113 84 130 61 166 83 36 148 118 47 139 120 40 153 76 35 73 70 66 20 43 85 115 154 150 109 23 126 141 155 67 14 18 24 30 33 28 163 2 88 82 65 99 94 136 112 123 9 8 45 11 142 98 27 124 147 15 39 110 156 62 87 81 151 57 25 132 42
511 84 83 95 108 36 57 141 144 110 135 161 157 41 151 100 159 13 53 19 45 168 167 29 101 72 56 63 82 76 90 43 60 67 5 31 158 70 152 58 99 65 156 48 98 88 128 40 134 105 68 47 109 16 154 42 91 23 6 125 118 97 132 153 62 59 86 160 131 111 165 92 28 106 85 113 142 150 117 136 93 10 124 21 89 3
692 85 161 157 73 85 134 38 68 166 77 4 83 121 8 27 53 20 10 55 146 31 98 43 138 115 24 74 101 33 125 75 7 139 99 22 100 152 160 117 93 169 155 80 1 5 162 103 46 37 51 102 148 57 13 120 6 49 21 50 87 45 109 62 153 112 150 140 106 129 76 126 23 127 63 44 18 26 58 34 111 54 164 128 15 141 131
404 85 40 10 165 83 118 139 85 80 146 22 3 151 46 19 141 97 44 148 121 163 123 122 41 135 167 145 16 158 136 55 111 6 93 52 20 100 112 63 21 170 155 74 43 60 101 104 110 107 37 33 42 34 65 56 68 49 71 164 147 62 131 8 152 126 58 125 98 143 169 48 76 5 99 129 54 142 153 106 17 134 84 82 64 91 88
391 87 121 24 17 27 126 107 32 149 132 78 85 111 21 79 15 110 62 158 97 42 47 91 18 101 13 87 2 22 76 81 134 125 54 167 67 28 135 92 71 36 30 45 105 72 35 148 25 34 116 40 100 165 31 64 150 95 137 162 77 11 119 48 29 90 174 66 144 96 69 154 168 94 39 49 153 86 6 113 9 1 124 160 120 114 83 128 16
446 89 17 97 148 20 14 22 65 113 75 12 25 150 168 69 165 138 177 70 80 106 13 114 64 8 142 7 122 79 174 141 26 160 45 74 62 84 118 72 167 95 42 1 87 104 152 40 33 41 23 139 53 145 77 107 32 131 68 60 16 105 171 178 110 82 3 54 85 57 59 2 27 58 24 71 6 93 9 111 133 29 47 134 153 35 121 115 164 158 91
607 91 71 175 45 144 99 98 30 38 72 104 80 32 15 53 112 12 163 125 52 8 169 128 155 118 95 129 147 174 134 5 180 44 90 9 14 82 105 131 28 133 83 43 31 113 6 69 108 116 142 156 33 170 121 36 22 16 115 54 49 18 139 97 127 159 92 110 11 68 19 35 103 63 29 51 176 23 81 172 143 13 62 165 78 65 39 67 182 114 25 94 132
421 91 25 32 74 35 144 42 13 108 36 24 94 100 97 61 72 134 181 15 168 67 173 27 28 112 140 44 40 125 19 85 153 82 17 91 161 107 26 48 154 18 23 37 49 179 106 142 2 171 162 62 175 149 1 169 83 30 114 55 158 80 9 137 102 126 46 87 73 59 75 56 156 33 57 101 166 120 5 38 111 20 31 130 147 81 150 70 155 92 131 113 79
618 92 173 2 113 19 115 1 92 20 125 44 71 170 139 40 50 167 68 89 117 61 38 5 54 123 104 55 114 39 90 168 144 164 128 175 58 12 138 11 160 9 153 87 169 63 88 21 37 10 79 183 99 151 36 85 143 120 81 62 109 106 75 53 86 146 134 112 124 14 176 161 145 24 76 140 149 184 80 171 166 64 132 111 163 32 29 27 13 83 110 116 23 101
368 94 117 69 62 130 63 40 73 175 46 19 146 43 184 68 82 172 106 153 57 144 178 148 176 101 127 55 137 95 136 81 133 181 70 147 77 8 50 156 18 114 186 78 65 115 132 160 109 173 34 30 67 179 7 171 28 1 129 125 131 139 16 20 94 88 119 103 121 4 162 61 164 145 41 140 22 5 74 174 60 110 39 51 120 123 79 151 14 154 97 86 122 58 116 13
912 94 170 24 70 71 98 31 57 118 182 89 66 48 77 161 67 169 21 14 25 133 130 81 163 20 153 186 106 176 159 150 141 35 27 136 116 138 84 115 140 54 52 105 83 2 36 40 69 121 137 6 165 76 131 104 148 78 175 5 135 123 144 168 11 63 22 111 30 12 155 157 13 92 59 158 39 7 100 110 124 64 41 46 173 134 101 160 166 167 108 80 107 156 188 43
501 96 68 95 120 47 66 124 140 53 136 129 137 10 139 22 100 51 123 122 115 143 94 93 84 49 36 179 65 43 86 190 44 183 3 101 132 172 71 13 98 61 9 147 130 74 60 32 56 145 151 174 12 25 34 106 161 109 168 70 55 169 159 42 156 90 20 57 52 58 118 191 45 91 79 152 83 128 81 157 21 165 155 27 85 59 134 182 37 114 19 177 164 185 23 184 167 162
311 96 74 76 144 78 150 30 67 66 39 47 161 46 16 82 121 10 15 166 138 29 117 177 56 113 129 107 17 160 165 70 145 62 133 178 174 65 49 50 192 60 22 105 184 162 51 136 125 119 139 40 80 6 87 57 122 148 143 61 152 85 126 14 31 175 24 181 8 140 180 35 5 95 90 2 116 89 77 164 41 94 155 45 97 153 96 146 185 186 9 132 158 52 159 25 100 69
239 96 138 144 58 169 37 56 14 75 184 93 63 48 92 104 175 101 39 137 84 103 115 123 13 45 168 179 177 7 140 15 16 38 51 102 80 82 156 34 77 134 53 108 132 141 9 182 143 148 109 105 26 17 50 153 29 183 43 62 32 94 72 57 128 161 188 130 95 180 83 129 76 170 167 136 35 20 106 1 173 151 65 107 171 10 160 176 116 25 121 78 172 131 178 114 66 42
832 97 90 73 82 187 171 125 67 95 47 192 8 121 77 149 39 20 130 186 74 182 76 54 22 150 104 159 40 184 115 33 49 87 68 126 61 111 161 100 140 194 75 143 41 113 9 98 45 148 177 78 17 69 135 63 5 155 110 80 79 102 103 139 29 46 53 93 119 189 153 116 156 129 14 31 70 180 138 62 42 48 55 176 81 117 141 147 15 56 21 11 114 35 168 96 12 60 175
272 97 147 151 125 28 152 187 5 74 73 70 59 106 43 148 162 159 167 176 35 104 88 55 21 136 63 101 34 18 50 51 130 149 82 164 173 175 3 9 194 91 60 170 48 37 192 67 66 29 160 155 4 2 116 93 13 150 182 191 78 100 19 12 65 39 84 81 97 139 110 132 32 138 117 109 83 128 14 103 95 142 180 76 25 94 15 11 181 158 157 44 49 46 184 166 114 1 124
528 98 173 45 8 107 87 60 91 188 58 169 85 124 88 117 112 23 32 154 15 21 31 27 165 115 68 56 136 180 9 90 44 59 19 110 77 195 122 41 137 14 57 18 67 33 171 50 118 145 39 121 166 181 6 141 163 84 105 96 186 106 174 144 30 95 1 102 160 184 148 103 139 82 86 140 149 170 29 120 101 131 111 69 179 17 114 93 71 37 73 66 185 182 52 177 11 46 10 178
428 99 73 53 46 109 93 100 153 112 11 57 181 49 163 80 161 43 13 69 42 186 21 151 94 124 117 140 55 92 90 169 75 28 41 116 131 44 60 52 174 192 1 29 2 180 32 110 18 113 56 27 24 45 130 8 196 68 62 34 39 12 25 194 96 76 10 67 132 160 165 79 89 143 159 17 31 126 23 38 122 103 120 108 104 22 148 135 114 157 47 183 119 54 61 98 149 91 81 154 86
861 99 157 111 115 117 44 59 161 159 131 148 166 87 155 180 35 18 152 195 144 25 41 129 167 197 141 168 28 107 105 12 9 134 90 48 179 112 63 57 98 19 170 133 91 149 156 184 164 174 26 142 151 3 46 78 113 139 109 125 47 49 177 178 123 185 183 20 100 104 84 67 51 175 181 192 75 33 7 169 189 89 60 188 102 50 5 120 96 24 116 145 74 163 88 71 146 38 16 8 119
394 99 15 82 49 24 154 168 27 62 144 14 164 112 66 143 3 40 125 136 18 53 92 86 158 44 9 161 117 132 1 43 128 34 23 190 85 183 163 2 182 131 41 6 165 25 65 137 186 71 81 37 184 56 72 181 123 151 129 74 91 155 157 52 99 69 45 135 159 87 139 146 127 187 138 130 50 46 122 58 104 36 20 96 115 160 4 113 83 17 21 47 54 95 149 197 38 94 147 61 189
378 99 166 107 159 32 158 153 88 38 136 126 115 161 3 119 27 162 42 52 137 74 34 58 190 102 157 174 61 30 84 47 177 113 10 56 6 118 171 138 71 167 2 130 7 108 8 117 176 175 131 33 191 122 149 68 31 22 75 35 17 81 105 1 163 160 144 124 62 95 65 28 41 51 73 112 187 21 172 92 66 168 145 146 59 44 128 79 25 97 98 184 183 16 180 142 94 24 152 106 39
150 100 38 72 120 114 189 122 112 46 135 171 134 116 98 87 53 23 68 136 48 74 20 50 85 151 149 138 123 99 169 3 190 19 110 118 31 105 4 141 111 30 182 142 108 25 83 126 39 29 84 188 183 160 94 129 91 81 7 28 181 32 82 163 133 1 95 187 186 2 144 199 106 103 104 176 80 22 75 125 56 5 153 78 159 61 113 96 192 101 195 132 90 178 107 200 194 131 17 10 184 109
821 101 112 40 94 122 83 196 165 150 134 105 96 189 201 84 35 98 75 135 157 62 155 130 153 125 124 7 179 192 70 113 178 89 79 28 200 47 8 140 52 60 161 66 64 13 41 76 23 24 141 132 25 162 42 100 202 19 167 3 69 170 38 39 32 149 175 20 138 88 4 74 127 107 128 186 78 10 169 159 72 148 58 147 111 164 43 49 163 51 45 17 146 193 27 95 15 48 108 44 73 110 11
289 103 192 176 183 171 132 108 136 7 195 86 101 34 119 83 143 9 5 199 204 178 73 60 69 130 120 89 160 76 46 93 166 65 39 59 31 84 158 189 61 102 6 162 35 53 125 110 145 142 38 106 196 8 44 51 206 16 200 62 159 78 184 40 10 133 33 186 155 63 49 57 139 103 3 22 15 124 99 117 50 19 122 197 45 56 205 100 54 177 25 52 126 161 149 82 115 193 17 167 92 141 134 153 168
964 103 63 111 165 40 42 199 189 187 127 32 33 202 56 26 136 131 48 123 178 104 193 103 195 12 15 31 85 181 152 139 168 112 151 108 20 60 3 159 204 38 121 91 166 129 145 64 192 201 107 47 79 23 37 180 51 58 2 114 9 174 172 144 28 196 98 116 141 147 122 90 184 160 50 44 170 75 25 72 97 34 154 142 186 59 16 185 177 119 182 14 46 86 30 77 10 18 171 138 6 71 8 155 55
777 103 34 57 92 131 13 143 174 186 163 3 109 8 81 123 122 31 43 62 147 201 151 40 64 83 74 205 108 155 42 182 50 156 48 55 180 49 99 139 95 86 17 136 76 160 82 114 26 102 2 193 167 121 73 94 96 152 157 138 132 181 191 161 177 168 27 113 107 100 70 90 128 18 203 206 140 165 106 179 169 89 195 44 101 184 66 25 41 22 38 127 137 164 134 185 118 59 1 28 146 119 153 116 111
