42 5 7 3 8 1 4
23 5 4 8 2 6 5
34 6 3 11 12 4 1 8
73 8 16 13 8 4 12 9 5 6
52 8 12 16 13 4 10 2 1 9
75 9 14 4 3 2 9 12 11 1 6
43 10 11 19 6 20 16 8 4 18 7 15
89 13 21 24 1 12 19 25 5 26 10 23 13 22 18
33 13 7 9 16 6 22 18 12 10 1 3 8 13 24
75 13 9 25 10 12 4 19 11 7 26 14 6 17 24
60 14 20 9 3 26 7 10 22 14 21 6 13 15 16 2
153 20 21 17 37 14 16 25 18 24 34 22 19 3 15 2 32 38 20 7 36 30
53 22 37 10 44 33 5 29 11 19 18 14 16 21 28 7 35 3 23 25 39 9 12 24
135 25 50 46 27 36 20 23 5 34 47 48 25 19 13 38 22 14 35 15 24 3 28 12 33 26 7
117 28 53 12 13 9 23 38 54 16 2 31 46 5 43 22 56 47 30 19 41 27 15 37 6 51 52 42 32 33
128 30 25 45 10 34 36 35 13 40 8 1 42 17 38 54 22 39 56 24 26 29 18 5 53 12 19 4 6 9 41 50
249 33 23 21 54 50 34 32 14 26 56 12 8 37 57 15 33 38 24 53 62 41 44 17 20 61 47 45 22 4 48 65 3 36 19
132 33 48 2 53 50 13 1 12 14 4 38 35 40 21 7 59 44 16 3 49 26 54 36 66 8 33 28 25 15 18 58 6 9 5
234 34 48 20 50 19 61 66 9 2 47 31 40 54 42 14 17 23 51 11 63 36 35 65 46 24 16 8 1 59 44 26 18 22 6 33
330 34 20 49 50 16 21 60 31 7 61 46 10 6 33 34 32 12 27 14 39 28 2 55 19 35 44 26 65 24 3 4 59 13 67 38
132 35 40 33 49 46 69 32 25 14 47 56 19 52 26 7 42 70 68 28 63 9 50 39 16 59 5 3 22 15 30 62 8 10 12 64 41
270 36 72 17 32 37 9 12 47 15 35 24 63 67 40 31 10 45 11 49 20 4 58 26 48 25 8 62 54 16 36 52 69 27 6 51 22 42
235 36 23 68 36 62 21 32 4 29 5 35 15 18 33 65 27 60 10 44 26 16 1 54 24 72 42 38 63 11 57 43 41 14 2 47 17 45
206 37 45 70 26 20 17 48 27 49 32 40 60 54 11 23 18 36 6 7 3 61 1 52 44 33 15 35 63 34 64 38 51 41 12 22 31 25 57
94 37 10 18 64 9 30 45 31 63 68 16 59 1 29 47 36 24 12 17 73 20 58 74 43 60 52 34 69 66 8 26 38 53 33 2 28 50 61
188 38 55 20 16 40 9 60 46 12 30 31 51 28 66 74 21 15 11 32 70 67 8 64 33 71 23 65 57 59 52 58 7 25 34 43 6 3 27 38
298 38 20 13 64 9 14 50 55 41 4 43 60 71 51 39 28 42 48 38 62 31 68 18 26 6 30 53 29 15 12 3 69 33 54 36 73 52 61 22
239 39 14 59 77 75 62 1 63 61 41 78 3 57 51 68 52 26 27 69 49 43 67 28 36 54 48 2 13 8 33 38 10 66 4 29 18 24 46 72 37
504 40 6 24 48 8 9 10 16 60 5 73 53 50 78 63 17 70 59 68 14 55 79 25 18 37 39 52 61 57 56 20 77 51 30 54 38 34 67 46 74 26
215 41 59 2 6 61 23 53 25 30 80 66 14 38 20 40 26 7 60 74 9 57 16 4 46 11 49 64 32 18 28 31 43 68 19 8 67 27 42 37 29 73 54
298 42 39 36 26 14 68 15 47 76 79 64 41 27 73 56 62 61 9 40 69 44 82 43 12 7 32 65 2 18 16 45 63 49 8 34 67 20 48 38 72 29 58 5
236 44 5 65 3 35 12 6 72 45 18 54 57 40 77 42 88 71 16 86 24 14 63 31 21 13 2 50 22 66 17 27 39 51 48 59 32 79 37 43 26 41 10 69 76 23
96 45 68 6 65 69 53 60 57 63 8 73 87 21 12 26 18 82 51 67 88 81 45 75 46 32 56 17 83 48 78 2 31 9 52 50 41 34 84 62 71 79 90 23 33 64 47
147 46 16 62 11 5 8 24 71 43 13 82 74 25 42 75 64 57 41 37 70 91 51 26 49 68 92 87 10 52 12 46 18 22 21 1 9 77 15 78 36 35 2 29 38 33 83 17
111 50 30 82 31 76 79 38 97 52 8 18 11 61 47 20 5 33 51 50 95 58 39 63 94 24 80 10 21 19 3 45 12 4 55 17 37 2 35 15 16 32 90 23 14 81 60 40 9 93 85 77
114 50 2 11 55 70 65 64 85 3 57 1 33 74 17 10 83 79 59 44 29 96 28 100 35 75 89 95 63 22 9 97 84 91 69 49 14 19 66 36 47 54 73 27 23 30 7 98 31 94 86 58
194 51 90 87 88 46 28 37 81 12 73 45 57 74 99 47 24 3 19 41 14 32 42 78 29 21 89 63 34 50 9 72 85 58 27 93 71 98 86 2 43 35 94 39 36 92 33 76 16 82 68 4 97
197 54 31 58 97 5 3 34 82 86 60 37 13 20 33 64 101 17 43 25 28 75 78 61 79 41 71 39 1 24 77 89 63 16 23 62 40 19 42 6 69 59 36 104 4 108 18 65 88 15 30 76 8 2 94 29
257 56 47 62 101 65 49 34 45 52 57 43 26 53 13 72 4 99 80 6 112 28 31 79 5 36 33 54 25 27 29 74 21 19 86 87 9 91 44 81 67 76 2 102 30 66 71 83 8 10 14 107 32 48 58 42 39 78
157 56 71 81 98 85 66 38 77 47 27 65 1 15 82 45 4 49 31 72 34 86 52 19 92 63 7 20 75 3 14 40 80 84 69 42 53 89 51 39 57 37 102 46 33 83 61 23 18 62 54 13 95 9 16 88 101 25
413 56 89 88 91 18 85 12 9 69 46 76 10 40 81 104 7 90 11 92 45 66 65 6 1 32 29 75 19 31 33 14 2 30 102 103 71 8 42 25 96 26 4 62 44 73 17 51 28 27 48 97 83 47 41 21 43 111
389 57 10 17 59 20 31 66 30 56 21 7 90 32 41 107 29 99 28 51 45 98 19 46 57 102 64 1 6 73 88 86 78 8 24 87 52 85 75 12 38 108 35 4 43 110 48 14 67 44 100 65 72 80 27 114 74 95 63
457 57 83 7 34 14 73 74 75 50 110 44 114 90 76 80 10 29 37 43 26 48 33 111 58 88 89 99 22 109 53 95 46 66 23 36 72 71 54 11 102 85 82 21 38 39 77 24 25 35 96 61 15 16 18 19 12 27 62
104 58 34 31 100 15 59 85 46 4 10 83 19 44 7 9 13 65 47 71 29 50 42 52 1 28 105 33 6 66 113 14 79 103 27 64 92 90 72 5 80 43 96 81 106 97 55 22 75 107 68 37 98 56 87 12 102 21 20 49
235 58 29 44 87 75 98 85 15 50 52 63 37 82 94 22 26 57 46 65 51 32 41 2 74 18 76 73 27 108 81 100 110 103 48 8 114 43 116 113 93 102 9 106 40 42 3 80 96 49 20 11 23 58 72 70 69 21 28 30
510 60 103 39 15 30 109 8 84 100 89 113 66 56 111 12 53 105 83 120 40 80 28 118 73 33 19 52 119 36 63 43 18 101 91 34 60 49 114 2 88 92 32 96 46 54 74 27 82 102 67 23 25 58 72 42 112 71 22 9 99 44
468 61 9 7 25 35 36 40 11 50 52 28 74 59 95 112 110 3 79 90 99 57 91 111 87 46 117 114 12 30 13 48 31 104 60 22 98 43 27 77 122 44 42 8 65 2 105 53 41 38 33 115 103 1 6 17 119 76 89 120 71 62 66
423 63 75 71 81 20 93 15 56 104 116 118 18 19 8 99 112 7 3 90 76 88 58 47 38 117 68 11 84 114 79 126 37 66 9 4 119 86 21 35 102 46 16 120 34 62 51 80 69 50 78 12 77 24 39 54 53 32 57 2 63 73 43 74 60
439 63 91 86 4 108 102 71 93 29 72 114 48 67 84 92 99 83 3 1 94 120 76 26 51 85 63 47 88 39 87 118 55 54 97 107 74 58 23 61 31 100 89 116 59 18 14 19 103 111 36 5 69 65 40 46 13 9 57 60 34 30 66 62 104
246 67 10 129 26 14 29 66 118 119 81 40 11 91 104 84 54 99 30 9 49 79 101 22 12 47 93 48 31 4 113 131 7 80 64 97 13 28 62 61 112 38 46 76 125 50 95 87 34 60 55 23 2 5 127 92 96 57 94 39 43 65 120 58 75 67 45 17 71
144 68 18 81 16 89 11 101 79 117 106 51 108 62 130 70 96 97 136 126 49 92 115 133 118 48 113 128 20 44 23 74 77 33 37 3 4 75 65 59 116 124 112 76 99 110 15 98 43 71 6 57 67 109 1 131 119 102 32 52 85 122 38 42 80 134 21 64 86 24
603 70 52 80 6 19 135 121 105 32 60 65 42 54 129 125 46 134 92 139 95 69 91 28 122 11 5 23 71 44 87 112 26 104 20 86 35 49 130 51 29 68 138 9 85 76 83 98 115 27 3 132 4 124 100 82 15 89 96 18 78 140 34 75 48 88 47 33 70 74 123 14
553 70 4 65 36 116 66 123 82 75 83 38 10 24 42 78 109 39 13 31 94 74 70 97 1 121 81 54 45 90 53 103 140 122 87 33 35 48 59 79 77 130 134 22 51 32 112 25 8 100 21 138 69 58 11 49 129 72 3 50 71 12 128 104 41 108 73 91 56 136 135 19
577 71 124 23 136 115 128 78 120 45 30 134 99 41 93 97 105 20 42 22 130 81 26 84 35 25 12 75 80 7 1 4 96 132 31 142 101 8 49 9 94 3 141 86 43 66 114 70 5 82 32 34 71 119 15 57 125 72 122 68 39 88 98 87 53 65 59 138 46 74 69 89 16
244 74 100 145 10 126 86 29 129 32 122 143 8 75 59 117 88 66 56 89 67 84 108 27 13 140 77 70 73 68 14 118 2 137 125 7 96 52 69 109 3 42 95 131 104 37 116 6 63 132 17 83 114 90 123 135 41 144 43 85 72 139 21 22 36 23 31 47 103 64 54 44 101 119 33 40
482 74 116 72 58 11 124 126 25 115 36 74 137 118 91 55 35 142 98 112 13 71 47 147 52 64 79 85 97 62 7 133 117 42 134 108 122 14 26 82 109 106 66 6 130 60 54 105 129 131 102 46 16 132 119 57 138 21 23 65 31 39 92 18 15 61 19 29 103 70 53 40 10 38 49 86
185 75 4 3 68 127 135 121 117 126 46 19 9 42 111 22 105 26 104 32 34 116 137 148 107 95 65 33 139 129 106 78 8 37 130 10 47 85 128 112 87 125 27 79 64 61 113 119 108 59 16 102 56 50 110 39 18 45 35 69 77 138 146 7 101 100 147 2 52 13 70 144 122 131 23 71 75
544 75 39 41 107 76 3 109 92 140 14 129 96 91 28 36 133 25 6 16 63 108 147 97 137 99 48 1 52 34 57 2 4 65 106 131 31 10 33 58 26 149 127 46 80 116 73 53 61 20 138 90 23 136 40 12 59 121 144 146 15 115 19 68 105 50 83 126 122 49 103 21 71 47 8 119 54
488 77 136 139 74 34 64 17 103 66 31 102 48 129 52 61 75 108 134 43 106 38 55 57 151 1 51 142 13 92 125 124 56 46 79 69 22 90 44 126 128 98 114 112 72 104 116 132 123 23 82 39 86 109 60 96 141 91 24 154 16 41 143 28 12 58 76 3 65 88 14 87 53 84 29 121 105 68 89
363 77 150 49 130 141 149 85 139 122 148 52 134 18 108 152 98 36 29 9 97 58 40 91 107 154 59 5 96 64 19 22 23 27 7 100 1 33 45 84 41 38 114 16 30 26 137 11 6 76 61 111 145 3 128 62 136 66 60 21 56 72 57 88 77 125 4 50 144 124 105 43 110 78 101 13 73 142 93
850 78 71 152 12 110 70 107 87 16 111 127 128 112 7 26 46 74 61 135 154 77 42 117 65 2 120 129 121 50 21 25 44 54 83 105 119 39 37 94 108 99 3 38 27 140 48 75 40 59 145 76 118 20 95 98 122 81 35 126 130 6 148 36 149 123 109 51 134 147 22 63 32 86 156 144 66 47 56 57
213 79 73 92 29 126 56 156 94 130 97 28 45 12 132 68 85 32 83 19 33 69 57 49 77 134 76 43 112 115 106 119 67 140 100 44 138 120 31 11 101 72 48 24 58 148 34 38 157 65 110 91 151 122 103 16 136 96 20 80 81 98 127 158 113 105 107 146 155 93 4 61 128 46 75 86 7 22 88 52 35
615 81 126 127 119 31 84 2 141 116 154 93 160 44 101 63 138 152 43 28 114 88 67 156 80 118 79 133 70 19 124 3 37 110 104 61 33 11 68 27 12 13 144 47 64 75 62 35 139 87 40 8 98 148 81 96 26 50 86 94 20 146 48 83 73 16 142 151 60 131 15 32 69 92 49 115 34 153 102 105 91 65 99
220 82 99 89 92 5 83 26 84 11 28 56 144 93 49 141 158 116 22 79 129 77 151 111 149 25 3 85 103 14 162 88 29 48 123 76 2 66 118 32 95 24 38 112 13 52 81 90 148 107 82 65 78 8 142 164 51 75 63 128 86 45 40 125 136 12 36 155 87 113 139 54 157 102 33 60 96 30 159 110 152 41 20 21
498 82 24 66 96 58 6 102 99 100 1 36 47 41 109 64 78 73 54 138 22 75 92 38 60 18 163 40 33 39 65 129 155 154 69 130 57 74 126 142 80 93 110 106 44 26 5 20 77 81 79 82 85 98 59 7 71 86 83 146 140 127 2 55 144 114 107 63 52 76 34 156 152 141 10 88 133 8 17 3 42 137 157 48
410 82 63 95 24 84 73 114 163 137 89 32 44 131 75 143 18 17 36 67 29 86 9 94 13 76 97 117 59 5 46 54 25 148 138 16 155 64 124 37 139 129 82 126 43 56 100 85 71 141 149 127 132 19 142 15 133 103 156 55 160 113 108 30 6 23 81 70 4 98 60 134 107 150 52 111 162 120 11 47 57 34 130 2
324 83 1 13 127 52 44 77 145 17 125 134 96 75 162 104 6 113 84 130 61 166 83 36 148 118 47 139 120 40 153 76 35 73 70 66 20 43 85 115 154 150 109 23 126 141 155 67 14 18 24 30 33 28 163 2 88 82 65 99 94 136 112 123 9 8 45 11 142 98 27 124 147 15 39 110 156 62 87 81 151 57 25 132 42
739 84 144 58 71 98 11 101 118 18 126 35 91 73 156 110 48 154 42 54 129 121 95 150 38 39 143 137 57 128 140 124 152 17 28 9 103 145 36 21 2 94 109 142 50 125 14 61 168 100 1 62 80 49 68 111 153 26 149 134 92 138 46 123 37 160 93 20 7 33 24 86 6 27 81 31 43 165 51 75 164 41 82 66 161 141
826 84 48 44 82 19 93 100 87 96 106 14 29 21 81 128 10 103 24 130 6 40 89 39 166 121 67 26 138 3 88 105 70 104 118 136 161 45 5 52 7 18 135 122 20 163 90 55 151 16 114 140 132 58 101 72 131 66 4 143 64 35 160 54 139 28 155 1 15 110 168 33 36 60 61 99 97 32 149 71 25 85 120 59 68 42
404 85 40 10 165 83 118 139 85 80 146 22 3 151 46 19 141 97 44 148 121 163 123 122 41 135 167 145 16 158 136 55 111 6 93 52 20 100 112 63 21 170 155 74 43 60 101 104 110 107 37 33 42 34 65 56 68 49 71 164 147 62 131 8 152 126 58 125 98 143 169 48 76 5 99 129 54 142 153 106 17 134 84 82 64 91 88
665 86 147 28 79 45 49 125 21 25 88 109 152 134 158 165 63 6 50 139 74 23 136 67 104 111 14 83 133 145 122 162 151 64 98 126 84 115 153 135 77 141 44 41 154 42 29 131 113 39 31 32 40 71 43 108 65 94 46 69 37 124 11 100 26 156 155 140 48 17 82 38 78 95 160 128 164 149 76 9 118 2 168 150 27 53 57 112
348 86 158 26 99 146 71 49 137 159 24 82 35 66 130 23 126 62 109 129 68 140 117 31 8 13 144 21 3 94 172 106 47 88 40 52 73 61 148 163 74 79 5 56 42 131 157 15 105 97 118 161 170 30 169 134 87 125 145 16 153 54 80 166 29 48 141 17 2 156 103 72 41 27 70 22 64 83 59 143 124 121 149 112 78 102 116 110
268 87 160 52 53 26 103 152 33 168 39 79 149 157 28 58 72 68 146 138 29 159 67 64 70 80 38 20 85 113 23 123 114 115 46 41 108 116 56 89 60 136 7 131 121 127 11 69 43 9 165 166 118 31 86 3 10 47 65 106 30 139 87 66 135 120 91 32 174 24 101 81 27 100 155 137 21 99 51 73 49 14 134 124 110 164 88 143 125
877 87 121 67 83 166 37 70 80 68 8 28 104 14 116 57 50 152 41 81 153 165 146 61 73 27 48 94 147 87 129 7 111 131 138 96 171 125 114 126 172 79 4 63 78 40 47 33 46 141 135 17 124 43 72 69 149 128 151 32 31 103 3 29 134 99 148 74 108 110 132 155 97 127 58 174 49 71 106 162 160 157 139 133 113 136 52 168 53
391 87 121 24 17 27 126 107 32 149 132 78 85 111 21 79 15 110 62 158 97 42 47 91 18 101 13 87 2 22 76 81 134 125 54 167 67 28 135 92 71 36 30 45 105 72 35 148 25 34 116 40 100 165 31 64 150 95 137 162 77 11 119 48 29 90 174 66 144 96 69 154 168 94 39 49 153 86 6 113 9 1 124 160 120 114 83 128 16
447 88 168 119 95 114 97 106 38 61 133 76 139 137 86 28 152 130 134 58 162 138 94 154 174 166 65 148 83 2 150 18 16 37 24 10 42 175 54 167 142 75 96 67 122 23 116 88 49 82 99 73 45 140 124 93 11 89 57 17 171 3 51 155 25 32 121 127 59 87 64 104 35 169 173 111 151 44 22 164 118 60 92 136 109 165 47 125 160 80
279 89 18 43 58 167 34 146 3 132 142 148 15 161 29 27 168 152 57 84 104 135 102 26 130 120 45 150 80 126 174 42 71 20 37 166 52 16 22 49 73 118 171 111 55 7 41 134 99 56 105 60 35 61 113 17 94 54 123 8 96 127 63 172 24 72 64 143 2 31 88 112 93 1 6 131 147 53 10 109 128 145 32 13 65 5 139 151 169 137 86
298 90 152 134 47 124 8 112 11 100 61 44 163 141 154 168 108 119 118 83 116 62 149 109 10 156 12 106 122 5 137 114 95 93 158 55 173 72 49 9 165 38 31 60 105 111 54 7 59 178 160 104 94 77 33 110 16 127 88 3 133 67 15 167 21 148 75 58 170 46 131 64 13 14 50 30 125 56 36 121 25 146 42 51 40 87 53 70 69 128 84 45
421 90 87 76 79 64 145 140 137 77 103 52 159 61 117 170 152 8 81 154 25 98 83 135 12 97 27 41 28 58 72 26 92 17 1 35 125 45 150 3 43 162 55 106 40 57 38 93 89 50 10 75 173 47 100 161 5 148 85 147 20 174 39 115 74 160 96 172 32 167 53 138 118 78 101 16 114 155 180 144 164 94 102 30 24 151 157 60 171 104 68 59
144 91 169 46 29 74 22 134 101 162 178 12 159 56 17 15 149 160 1 161 170 47 118 117 103 119 48 130 34 9 163 110 23 126 19 36 124 66 40 158 142 8 150 104 155 145 35 92 106 138 76 85 123 132 129 10 13 87 28 72 79 54 3 60 41 120 82 133 84 80 44 176 42 6 148 14 157 73 152 71 95 5 108 20 75 37 156 26 135 153 122 93 61
433 92 121 101 31 56 95 74 5 155 45 29 34 71 166 92 4 63 140 109 115 93 60 174 108 168 82 150 16 52 161 184 70 179 39 20 27 175 86 6 38 156 55 118 90 142 134 111 42 145 151 32 120 133 138 103 102 44 88 147 127 28 72 167 139 183 61 75 69 123 113 182 112 171 83 78 117 94 160 79 110 180 19 41 13 162 1 68 136 125 84 129 7 85
876 94 156 93 49 112 183 81 175 188 146 64 92 128 132 172 149 157 79 34 14 36 163 159 104 171 24 122 15 37 13 72 89 59 35 102 12 140 151 169 33 147 170 22 8 179 5 152 67 50 145 47 74 17 1 39 108 55 143 19 46 113 57 166 80 101 91 32 30 138 184 51 158 20 116 41 40 103 62 26 165 6 68 155 87 78 42 126 187 58 10 73 56 54 85 162
501 96 68 95 120 47 66 124 140 53 136 129 137 10 139 22 100 51 123 122 115 143 94 93 84 49 36 179 65 43 86 190 44 183 3 101 132 172 71 13 98 61 9 147 130 74 60 32 56 145 151 174 12 25 34 106 161 109 168 70 55 169 159 42 156 90 20 57 52 58 118 191 45 91 79 152 83 128 81 157 21 165 155 27 85 59 134 182 37 114 19 177 164 185 23 184 167 162
473 96 63 60 40 32 149 109 41 132 58 150 25 61 1 27 96 23 31 136 56 90 9 146 126 153 170 117 3 33 145 51 72 122 65 157 189 187 42 141 192 166 108 162 102 176 143 66 57 156 159 59 111 12 125 184 181 178 129 87 137 16 131 191 112 160 37 110 89 20 172 169 99 135 190 116 52 123 83 53 147 80 106 142 68 73 54 107 175 70 158 21 39 84 4 76 183 85
538 97 49 23 108 73 122 112 57 194 176 166 60 71 89 154 74 142 22 91 137 87 76 18 99 41 107 13 26 100 126 124 193 19 139 92 117 173 4 36 82 114 90 33 31 116 68 133 132 55 88 180 47 28 32 155 42 44 118 34 53 187 93 135 64 67 151 129 20 81 6 191 39 152 84 77 159 174 25 14 27 121 101 104 29 59 12 98 186 10 179 181 85 61 164 9 56 35 147
340 97 166 21 99 80 91 20 163 81 48 138 74 134 8 105 175 85 162 114 173 29 60 70 111 108 82 135 190 23 113 69 152 121 151 140 155 124 58 43 112 154 57 115 136 159 63 174 122 16 15 107 36 176 120 191 83 6 39 92 59 76 126 45 89 184 100 165 14 137 37 98 75 44 157 71 4 26 90 19 40 142 158 72 106 169 34 139 68 61 51 193 183 144 65 179 149 13 103
613 98 70 62 100 137 163 29 37 121 96 145 43 128 87 122 63 51 91 31 164 141 160 50 60 111 14 61 40 172 132 165 182 85 74 190 21 166 86 1 93 28 92 105 110 125 48 4 131 5 90 11 116 45 10 156 157 174 24 112 130 77 38 185 147 109 171 7 32 97 169 135 149 140 134 94 120 99 35 52 26 191 127 83 12 76 155 115 71 170 173 56 69 159 158 18 102 53 78 138
301 99 121 132 60 115 128 47 70 79 72 55 73 158 163 133 41 21 167 131 54 9 48 96 175 71 109 147 44 52 172 114 171 116 76 65 33 36 80 197 189 10 18 165 173 188 62 152 5 161 63 40 195 142 190 117 30 124 141 61 184 119 1 84 192 154 105 23 90 91 107 123 150 180 88 99 43 42 169 81 125 87 183 177 17 6 15 92 179 51 32 39 7 24 181 130 97 159 28 194 50
503 100 106 54 97 123 162 41 74 189 12 53 150 55 104 126 32 185 114 100 143 125 57 19 197 129 132 165 159 10 45 161 156 181 43 92 18 183 135 174 186 191 102 63 61 193 84 115 42 128 198 180 37 49 110 50 96 28 59 5 184 26 2 111 194 107 149 27 176 182 73 68 88 8 16 58 146 179 21 171 33 166 136 169 46 62 69 122 119 80 15 145 172 173 170 139 155 154 7 91 75 112
150 100 38 72 120 114 189 122 112 46 135 171 134 116 98 87 53 23 68 136 48 74 20 50 85 151 149 138 123 99 169 3 190 19 110 118 31 105 4 141 111 30 182 142 108 25 83 126 39 29 84 188 183 160 94 129 91 81 7 28 181 32 82 163 133 1 95 187 186 2 144 199 106 103 104 176 80 22 75 125 56 5 153 78 159 61 113 96 192 101 195 132 90 178 107 200 194 131 17 10 184 109
390 101 27 138 199 180 147 48 74 128 152 47 170 58 100 132 7 9 158 94 66 52 116 17 26 106 172 160 75 190 191 139 197 35 23 11 55 16 77 91 19 83 95 141 150 92 133 8 201 99 43 202 32 14 90 12 41 102 57 10 185 165 24 54 40 162 86 135 167 129 39 166 143 192 189 73 108 110 188 136 31 87 67 2 183 111 113 20 118 85 22 107 117 38 194 181 18 184 149 70 37 59 144
433 101 56 99 67 127 180 128 135 93 119 74 82 143 142 178 145 112 166 147 6 5 111 115 78 33 126 140 65 138 186 199 38 125 52 95 122 191 1 120 116 149 86 136 171 169 167 158 104 69 55 124 61 132 123 70 196 96 98 109 14 17 172 20 113 174 141 18 108 58 107 195 162 179 66 151 27 103 189 2 49 26 34 118 75 156 51 114 176 13 168 48 184 81 85 175 46 117 100 22 198 41 43
705 102 153 73 166 101 187 135 23 13 103 30 46 25 17 171 115 74 202 36 139 75 204 61 130 141 45 118 193 198 104 165 78 60 41 27 90 110 136 175 83 189 12 197 113 156 190 100 95 35 140 32 42 8 191 151 106 157 147 142 137 114 155 14 16 121 76 152 177 3 20 119 65 48 5 7 148 19 82 38 10 184 192 96 134 22 84 85 2 169 163 170 183 138 93 59 44 26 194 168 181 64 72 18
330 102 106 137 15 24 61 141 113 31 20 73 74 185 195 197 131 120 58 94 64 150 29 44 122 85 105 41 79 48 107 99 47 136 114 49 194 90 70 60 118 142 110 7 119 172 27 202 112 34 144 182 128 171 163 181 179 35 10 65 30 54 189 9 108 76 177 159 57 1 45 63 132 96 93 84 91 97 173 167 168 180 188 39 117 161 28 12 33 174 204 78 82 143 126 191 154 140 111 89 86 196 170 201
643 102 57 66 91 125 157 80 168 100 8 63 27 35 74 62 134 103 43 118 143 48 138 42 99 188 153 94 77 101 182 124 71 115 174 159 196 191 3 55 107 185 166 150 175 172 154 61 155 64 183 50 105 39 129 127 177 82 204 29 119 186 22 181 13 184 1 70 160 30 14 132 98 120 33 200 130 108 139 163 193 142 123 104 16 56 137 19 178 79 113 171 133 189 45 25 97 58 51 199 126 149 152 110
982 103 121 32 45 191 27 147 174 178 202 93 141 22 12 192 44 176 36 177 128 2 190 17 60 47 75 94 70 126 39 120 15 20 115 65 87 82 125 175 206 165 198 148 83 118 41 158 95 194 9 72 134 168 133 200 42 164 107 8 136 91 154 90 181 122 55 111 124 149 53 137 28 80 132 81 156 113 92 153 187 5 56 78 186 143 172 151 162 204 138 86 63 129 140 31 185 155 51 130 18 142 33 79 182
402 103 58 29 93 155 130 128 177 121 21 66 137 148 5 100 150 94 206 87 183 149 135 53 165 181 173 95 8 61 37 169 144 28 153 194 35 159 146 109 85 98 4 88 168 70 81 56 163 125 11 187 92 205 101 184 154 119 196 57 127 122 75 44 76 36 31 99 14 71 129 83 120 9 182 170 90 102 140 49 172 1 152 123 6 48 166 106 115 54 20 10 167 47 67 25 201 23 96 131 65 185 126 12 110
506 104 61 166 6 69 52 70 33 111 163 7 124 25 133 115 79 27 107 17 22 170 40 104 192 21 73 191 156 112 123 26 165 168 195 201 169 42 103 55 92 182 19 194 100 151 74 14 146 147 57 199 177 3 89 186 20 86 197 121 138 50 87 145 193 88 24 95 110 180 148 137 16 189 122 205 98 82 135 66 178 206 81 185 78 5 99 65 93 1 153 198 154 126 101 161 171 23 72 90 77 29 94 46 181 13
443 104 189 96 194 175 88 143 41 161 127 106 8 202 111 52 186 47 64 205 123 206 36 4 85 95 72 163 71 99 62 121 89 12 139 78 45 119 22 81 132 9 136 101 74 37 70 180 100 31 125 192 67 137 208 63 134 154 21 23 29 33 160 157 48 173 129 190 120 200 75 66 128 93 5 196 35 57 146 158 193 51 13 130 113 152 162 94 169 105 118 83 185 165 79 140 183 59 53 46 69 27 38 197 50 182
255 104 106 78 22 89 55 71 16 198 35 23 196 94 122 183 167 195 168 207 137 74 182 102 80 66 139 175 75 51 132 177 108 110 43 45 13 186 151 160 53 120 165 141 179 59 30 95 38 47 26 36 176 191 192 202 7 121 201 194 39 93 33 187 63 169 138 119 2 12 56 181 61 92 126 142 6 48 14 208 44 134 180 27 130 162 185 49 200 199 70 90 205 8 86 170 41 166 57 96 164 178 82 133 111 161
